TP3prcvQknVthrVnn281cKST56eWiLgJJM 20401000000000000000000 476992313 1
TXL6rJbvmjD46zeN1JssfgxvSo99qC8MRT 500000000 510724040340791801506 0
TP3prcvQknVthrVnn281cKST56eWiLgJJM 20135000000000000000000 470454074 1
TP3prcvQknVthrVnn281cKST56eWiLgJJM 64622408804143726796025 1524022892 1
TP3prcvQknVthrVnn281cKST56eWiLgJJM 93965896828166603720450 2213359984 1
TP3prcvQknVthrVnn281cKST56eWiLgJJM 478165980 19933650000000000000000 0
TP3prcvQknVthrVnn281cKST56eWiLgJJM 134203985 5594658293329964628600 0
TXL6rJbvmjD46zeN1JssfgxvSo99qC8MRT 13000000000 14651647195630300560019 0
TXL6rJbvmjD46zeN1JssfgxvSo99qC8MRT 4841920972428554534912 4248943517 1
TF7ixydn7nfCgj9wQj3fRdKRAvsZ8egHcx 158516765 85716110708430950000000 0
TLnVG3h2o5XHAbdP3MD578tMSBvUEskeST 205111202541267144858812 658235656 2
TXL6rJbvmjD46zeN1JssfgxvSo99qC8MRT 2481589764049476255744 2176628195 1
TXL6rJbvmjD46zeN1JssfgxvSo99qC8MRT 14725273564000000000000 12841686703 1
TLnVG3h2o5XHAbdP3MD578tMSBvUEskeST 154294902111668209720041 480531822 1
TLnVG3h2o5XHAbdP3MD578tMSBvUEskeST 51431634037222736573347 160358955 1
TSig7sWzEL2K83mkJMQtbyPpiVSbR6pZnb 5620164100000000000000 168023290 1
TXL6rJbvmjD46zeN1JssfgxvSo99qC8MRT 13000000000 14669662451511094279778 0
TRJBN2ninnLKUUDR1f686goCYetPcPed8f 37390154127000000000000 2237908993 1
TXL6rJbvmjD46zeN1JssfgxvSo99qC8MRT 2481364412353574076416 2176530741 1
TXL6rJbvmjD46zeN1JssfgxvSo99qC8MRT 500000000 509666701203667931052 0
TXL6rJbvmjD46zeN1JssfgxvSo99qC8MRT 2482942461167457009664 2176718938 1
TH5ydFhBnLV4ZHF2bgBVaTBfX8LY17kj9W TR7NHqjeKQxGTCi8q8ZY4pL8otSzgjLj6t 19790279800 6576091376 0
TXL6rJbvmjD46zeN1JssfgxvSo99qC8MRT 2484154941617248141312 2176524525 1
TDnXXUXH37zEojEfrvYziS6yKSpYmkdjHE 41393000000000000000000 812912258 1
TRv9ipj4kKAZqQggQ7ceJpe5ERD1ZShpgs 133500000 149835488271936213035979 0
TP3prcvQknVthrVnn281cKST56eWiLgJJM 12556370000000000000000 292559026 1
TF7ixydn7nfCgj9wQj3fRdKRAvsZ8egHcx 126529913 68344699664750760000000 0
TLnVG3h2o5XHAbdP3MD578tMSBvUEskeST 150254821392814718321116 481899286 2
TLnVG3h2o5XHAbdP3MD578tMSBvUEskeST 246319379332483144788714 766353598 1
TLnVG3h2o5XHAbdP3MD578tMSBvUEskeST 96064557939668426467598 307914585 2
TR7NHqjeKQxGTCi8q8ZY4pL8otSzgjLj6t 900000000 5545567684 1
TXL6rJbvmjD46zeN1JssfgxvSo99qC8MRT 2486325211337641689088 2176831706 1
TXL6rJbvmjD46zeN1JssfgxvSo99qC8MRT 227000000 252412109025375685888 0
TR7NHqjeKQxGTCi8q8ZY4pL8otSzgjLj6t TLVRwC4sqkHT3C126L2Hx83W9taCycT1kb 281244098 1724963453742 0
TF7ixydn7nfCgj9wQj3fRdKRAvsZ8egHcx 159000000000000000000000 271798607 1
TRJBN2ninnLKUUDR1f686goCYetPcPed8f 34781175782000000000000 2293014211 2
TDnXXUXH37zEojEfrvYziS6yKSpYmkdjHE 3789000000000000000000 74314699 1
TAt4ufXFaHZAEV44ev7onThjTnF61SEaEM 2875504035020349962414 1197595076 1
TGoMhQZ5yA1X2gQSCKeRHk6wY3fXce3yWA 193163000000000000000000 127826286 1
TLnVG3h2o5XHAbdP3MD578tMSBvUEskeST 256606203880301754013115 823975715 2
TLnVG3h2o5XHAbdP3MD578tMSBvUEskeST 118392970346293623266570 368871745 1
TLnVG3h2o5XHAbdP3MD578tMSBvUEskeST 138983052145649036008584 432925133 1
TF7ixydn7nfCgj9wQj3fRdKRAvsZ8egHcx 147070057213425750000000 243614199 1
TGoMhQZ5yA1X2gQSCKeRHk6wY3fXce3yWA 142000000 206486224665846360000000 0
TX3bAUs7nLaZxvLfnfh2Whh2Q8ibCQAndR 62000000 49781970000000000000000 0
TF7ixydn7nfCgj9wQj3fRdKRAvsZ8egHcx 171573038 92950552737574780000000 0
TLnVG3h2o5XHAbdP3MD578tMSBvUEskeST 195648257095888663916052 627811912 2
TLnVG3h2o5XHAbdP3MD578tMSBvUEskeST 139326993325695194234538 433994869 1
TLnVG3h2o5XHAbdP3MD578tMSBvUEskeST 56908208541481135673262 177426600 1
TN3W4H6rK2ce4vX9YnFQHwKENnHjoxb3m9 TR7NHqjeKQxGTCi8q8ZY4pL8otSzgjLj6t 5000000 3828332295 0
TRJBN2ninnLKUUDR1f686goCYetPcPed8f 31666263801000000000000 2094343486 2
TM3k1FoDYhn3Yadaeqb5aCyvWo7ZbHWjng 911654325 298468591433417710632960 0
TM3k1FoDYhn3Yadaeqb5aCyvWo7ZbHWjng 298740210720156323676160 889013308 1
TR7NHqjeKQxGTCi8q8ZY4pL8otSzgjLj6t 20000000 123232037 1
TSig7sWzEL2K83mkJMQtbyPpiVSbR6pZnb 200000000000000000000000 5950952818 1
TX5eXdf8458bZ77fk8xdvUgiQmC3L93iv7 9315000000000000000000 0 1
TM3k1FoDYhn3Yadaeqb5aCyvWo7ZbHWjng 601115070 197012876729034442014720 0
TSig7sWzEL2K83mkJMQtbyPpiVSbR6pZnb 12953509106000000000000 383531437 1
TGoMhQZ5yA1X2gQSCKeRHk6wY3fXce3yWA 349472000000000000000000 231304751 1
TRStG5LKhCFmVzwdKETp1SQHk18UPuzjyX 1364672881377570000000000000 1111798310 1
TF7ixydn7nfCgj9wQj3fRdKRAvsZ8egHcx 139875149643028200000000 231554899 1
TXL6rJbvmjD46zeN1JssfgxvSo99qC8MRT 400000000 438541796979065959260 0
TX5eXdf8458bZ77fk8xdvUgiQmC3L93iv7 9650000000000000000000 0 1
TBFr8v7HkKGydiHAjDL8NzqYf7cJqNsTVY 47000000 7311266815503213200226 0
TLnVG3h2o5XHAbdP3MD578tMSBvUEskeST 234453809616267389490227 729544487 1
TLnVG3h2o5XHAbdP3MD578tMSBvUEskeST 173495819116037868222768 556590654 2
TLnVG3h2o5XHAbdP3MD578tMSBvUEskeST 60957990500229521267459 195315175 2
TRJBN2ninnLKUUDR1f686goCYetPcPed8f 32475705536000000000000 2154149544 2
TV5yB8f4AdoAfVVUdkytyZnX5e7SeGAZr2 1381157723955970470621696 1845309191 2
TV5yB8f4AdoAfVVUdkytyZnX5e7SeGAZr2 2500000000000000000000000 3434078652 2
TV5yB8f4AdoAfVVUdkytyZnX5e7SeGAZr2 1859759174 1390475974428096687347972 0
TV5yB8f4AdoAfVVUdkytyZnX5e7SeGAZr2 1392046325294984990000000 1866000000 1
TV5yB8f4AdoAfVVUdkytyZnX5e7SeGAZr2 1381157723955970470621696 1845124660 1
TV5yB8f4AdoAfVVUdkytyZnX5e7SeGAZr2 1392046325294984990000000 1860000000 2
TV5yB8f4AdoAfVVUdkytyZnX5e7SeGAZr2 1381157723955970470621696 1845309191 1
TV5yB8f4AdoAfVVUdkytyZnX5e7SeGAZr2 1392046325294984990000000 1866000000 1
TV5yB8f4AdoAfVVUdkytyZnX5e7SeGAZr2 1381157723955970470621696 1291716433 1
TV5yB8f4AdoAfVVUdkytyZnX5e7SeGAZr2 1392046325294984990000000 1866000000 1
TV5yB8f4AdoAfVVUdkytyZnX5e7SeGAZr2 1392046325294984990000000 1767000000 1
TV5yB8f4AdoAfVVUdkytyZnX5e7SeGAZr2 2500000000000000000000000 3558669514 2
TV5yB8f4AdoAfVVUdkytyZnX5e7SeGAZr2 1365430923443298840000000 1890000000 2
TV5yB8f4AdoAfVVUdkytyZnX5e7SeGAZr2 1365430923443298840000000 1896000000 1
TV5yB8f4AdoAfVVUdkytyZnX5e7SeGAZr2 1365430923443298840000000 1896000000 1
TV5yB8f4AdoAfVVUdkytyZnX5e7SeGAZr2 1356798789844953112399657 1877935095 1
TV5yB8f4AdoAfVVUdkytyZnX5e7SeGAZr2 1356798789844953112399657 1877935095 2
TV5yB8f4AdoAfVVUdkytyZnX5e7SeGAZr2 1356798789844953112399657 1877747301 1
TV5yB8f4AdoAfVVUdkytyZnX5e7SeGAZr2 1356798789844953112399657 1877935095 2
TV5yB8f4AdoAfVVUdkytyZnX5e7SeGAZr2 1365430923443298840000000 1896000000 1
TV5yB8f4AdoAfVVUdkytyZnX5e7SeGAZr2 1356798789844953112399657 1877935095 1
TV5yB8f4AdoAfVVUdkytyZnX5e7SeGAZr2 1365430923443298840000000 1795500000 1
TV5yB8f4AdoAfVVUdkytyZnX5e7SeGAZr2 1356798789844953112399657 1314554566 1
TV5yB8f4AdoAfVVUdkytyZnX5e7SeGAZr2 1344968487400702220000000 1930000000 2
TV5yB8f4AdoAfVVUdkytyZnX5e7SeGAZr2 1000000000000000000000000 1459992431 2
TF7ixydn7nfCgj9wQj3fRdKRAvsZ8egHcx 122499257046604900000000 202432649 1
TV5yB8f4AdoAfVVUdkytyZnX5e7SeGAZr2 1344968487400702220000000 1936000000 1
TV5yB8f4AdoAfVVUdkytyZnX5e7SeGAZr2 1339832645225775739045162 1922557937 2
TV5yB8f4AdoAfVVUdkytyZnX5e7SeGAZr2 1339832645225775739045162 1922557937 1
TV5yB8f4AdoAfVVUdkytyZnX5e7SeGAZr2 1344968487400702220000000 1936000000 1
TV5yB8f4AdoAfVVUdkytyZnX5e7SeGAZr2 1339832645225775739045162 1922365681 1
TV5yB8f4AdoAfVVUdkytyZnX5e7SeGAZr2 1344968487400702220000000 1936000000 1
TV5yB8f4AdoAfVVUdkytyZnX5e7SeGAZr2 1344968487400702220000000 1833500000 1
TV5yB8f4AdoAfVVUdkytyZnX5e7SeGAZr2 1339832645225775739045162 1345790555 1
TAzpJHxxgJd8f5AKjzndEndH3S9pzNUM5W 397297520896561688000000 550000000 2
TAzpJHxxgJd8f5AKjzndEndH3S9pzNUM5W 7500000000 5224106242333752342636356 0
TAzpJHxxgJd8f5AKjzndEndH3S9pzNUM5W 361262398131357808779688 500000000 2
TAzpJHxxgJd8f5AKjzndEndH3S9pzNUM5W 397297520896561688000000 556000000 1
TAzpJHxxgJd8f5AKjzndEndH3S9pzNUM5W 553157722 399173171392246758179123 0
TAzpJHxxgJd8f5AKjzndEndH3S9pzNUM5W 396475161715235557590695 548858692 2
TAzpJHxxgJd8f5AKjzndEndH3S9pzNUM5W 396475161715235557590695 548858692 1
TAzpJHxxgJd8f5AKjzndEndH3S9pzNUM5W 396475161715235557590695 548803806 1
TAzpJHxxgJd8f5AKjzndEndH3S9pzNUM5W 361262398131357808779688 500000000 1
TAzpJHxxgJd8f5AKjzndEndH3S9pzNUM5W 396475161715235557590695 548858692 2
TAzpJHxxgJd8f5AKjzndEndH3S9pzNUM5W 397297520896561688000000 556000000 1
TAzpJHxxgJd8f5AKjzndEndH3S9pzNUM5W 397297520896561688000000 556000000 1
TAzpJHxxgJd8f5AKjzndEndH3S9pzNUM5W 361262398131357808779688 500000000 1
TAzpJHxxgJd8f5AKjzndEndH3S9pzNUM5W 396475161715235557590695 548858692 1
TAzpJHxxgJd8f5AKjzndEndH3S9pzNUM5W 396475161715235557590695 384201084 1
TAzpJHxxgJd8f5AKjzndEndH3S9pzNUM5W 397297520896561688000000 522500000 1
TV5yB8f4AdoAfVVUdkytyZnX5e7SeGAZr2 1339139273657325890000000 1950000000 2
TV5yB8f4AdoAfVVUdkytyZnX5e7SeGAZr2 1339139273657325890000000 1956000000 1
TV5yB8f4AdoAfVVUdkytyZnX5e7SeGAZr2 1330089668857412538195183 1936693163 2
TV5yB8f4AdoAfVVUdkytyZnX5e7SeGAZr2 1000000000000000000000000 1481579186 2
TV5yB8f4AdoAfVVUdkytyZnX5e7SeGAZr2 1339139273657325890000000 1956000000 1
TV5yB8f4AdoAfVVUdkytyZnX5e7SeGAZr2 1330089668857412538195183 1936693163 1
TV5yB8f4AdoAfVVUdkytyZnX5e7SeGAZr2 1339139273657325890000000 1956000000 1
TV5yB8f4AdoAfVVUdkytyZnX5e7SeGAZr2 1330089668857412538195183 1936499493 1
TV5yB8f4AdoAfVVUdkytyZnX5e7SeGAZr2 1339139273657325890000000 1852500000 1
TV5yB8f4AdoAfVVUdkytyZnX5e7SeGAZr2 1330089668857412538195183 1355685214 1
TV5yB8f4AdoAfVVUdkytyZnX5e7SeGAZr2 500000000000000000000000 749049671 2
TSig7sWzEL2K83mkJMQtbyPpiVSbR6pZnb 109621644348000000000000 3286100509 1
TCxJFET8BnLi8N3AQJmd8rzT1eBz433xBq 48776920618176304119808 11253761 2
TSig7sWzEL2K83mkJMQtbyPpiVSbR6pZnb 1800000000 59326807927888023650304 0
TLnVG3h2o5XHAbdP3MD578tMSBvUEskeST 181889482677918093836386 583581690 2
TLnVG3h2o5XHAbdP3MD578tMSBvUEskeST 111285442186830627351916 346759713 1
TLnVG3h2o5XHAbdP3MD578tMSBvUEskeST 71149708939121220765979 221796927 1
TF7ixydn7nfCgj9wQj3fRdKRAvsZ8egHcx 235831450 128013405398348540000000 0
TRJBN2ninnLKUUDR1f686goCYetPcPed8f 29454116159000000000000 1772956204 1
THinH2GeeMLYBoMpbbaAuQAyTxiuU9eRbn 89434104108000000000000 854513389 1
TEfg1LnM3yApCjAgax35wDg6SRpmZFuQS3 120165979551000000000000 339469329 1
TX5eXdf8458bZ77fk8xdvUgiQmC3L93iv7 201000000 1 0
TSig7sWzEL2K83mkJMQtbyPpiVSbR6pZnb 18768593054000000000000 562500504 1
TVHH59uHVpHzLDMFFpUgCx2dNAQqCzPhcR 300000000 213145260232446 0
THinH2GeeMLYBoMpbbaAuQAyTxiuU9eRbn 640000000 6405808952965313794087 0
TMEvVHCUngZ6JfuvnH74cX8UFw1KedAuhR 2100000000 108292274885388928626028 0
TMEvVHCUngZ6JfuvnH74cX8UFw1KedAuhR 1750000000 0 0
TP7r1pDoS1snMjEJE1kE17GRt3Df4mYuZz 1522772500886531720000000 7080000000 2
TP7r1pDoS1snMjEJE1kE17GRt3Df4mYuZz 4540270900 934144631913889849359495 0
TP7r1pDoS1snMjEJE1kE17GRt3Df4mYuZz 1522772500886531720000000 7086000000 1
TP7r1pDoS1snMjEJE1kE17GRt3Df4mYuZz 1994684301916102992628238 9330824853 2
TP7r1pDoS1snMjEJE1kE17GRt3Df4mYuZz 1994684301916102992628238 9329891770 1
TP7r1pDoS1snMjEJE1kE17GRt3Df4mYuZz 1522772500886531720000000 7086000000 1
TP7r1pDoS1snMjEJE1kE17GRt3Df4mYuZz 1994684301916102992628238 9330824853 1
TP7r1pDoS1snMjEJE1kE17GRt3Df4mYuZz 1522772500886531720000000 7086000000 1
TP7r1pDoS1snMjEJE1kE17GRt3Df4mYuZz 2009096840057819168737686 9400000001 2
TP7r1pDoS1snMjEJE1kE17GRt3Df4mYuZz 1716356944947671037377822 8000000000 2
TP7r1pDoS1snMjEJE1kE17GRt3Df4mYuZz 2009096840057819168737686 9400000000 1
TP7r1pDoS1snMjEJE1kE17GRt3Df4mYuZz 1716356944947671037377822 8000000000 1
TP7r1pDoS1snMjEJE1kE17GRt3Df4mYuZz 1522772500886531720000000 6726000000 1
TP7r1pDoS1snMjEJE1kE17GRt3Df4mYuZz 1994684301916102992628238 6531577397 1
TP3prcvQknVthrVnn281cKST56eWiLgJJM 71634608625508865496061 1683168573 1
TLnVG3h2o5XHAbdP3MD578tMSBvUEskeST 91735043900615014652716 294032560 2
TLnVG3h2o5XHAbdP3MD578tMSBvUEskeST 121602267496164089190808 389893085 2
TLnVG3h2o5XHAbdP3MD578tMSBvUEskeST 213337311396779103843524 664001426 1
TF7ixydn7nfCgj9wQj3fRdKRAvsZ8egHcx 143779642999372040000000 237606399 1
TPUZseUsV89tM157aLfkuKYEaRKzBirmRb 850000000 130746268363242297963076 0
TPUZseUsV89tM157aLfkuKYEaRKzBirmRb 935000000 144494116444607090431235 0
TPUZseUsV89tM157aLfkuKYEaRKzBirmRb 14000000000000000000000 88831872 1
TMEvVHCUngZ6JfuvnH74cX8UFw1KedAuhR 10000000000000000000000 193835642 1
TRJBN2ninnLKUUDR1f686goCYetPcPed8f 26318244451000000000000 1746218645 2
TAbkLGngV1k8bNb5hnqW7oX46FG4Dbs5e2 193757583 96756741196390619676672 0
TVHH59uHVpHzLDMFFpUgCx2dNAQqCzPhcR 200000000 142264561291237 0
TVwzGbGPoQWXcN9CQ1q2REiMcMtV78MKPg 100000000 441928336847189634131854 0
TVwzGbGPoQWXcN9CQ1q2REiMcMtV78MKPg 100000000 441928336847189634131854 0
TR7NHqjeKQxGTCi8q8ZY4pL8otSzgjLj6t 80007165751 12580246469 0
TLnVG3h2o5XHAbdP3MD578tMSBvUEskeST 196680852821265330672865 631151417 2
TLnVG3h2o5XHAbdP3MD578tMSBvUEskeST 142035044673404971198716 442430282 1
TLnVG3h2o5XHAbdP3MD578tMSBvUEskeST 55235850706324155466167 172220888 1
TVHH59uHVpHzLDMFFpUgCx2dNAQqCzPhcR 200000000 143408586908695 0
TXL6rJbvmjD46zeN1JssfgxvSo99qC8MRT 3016800000000000000000 2641985493 1
TXL6rJbvmjD46zeN1JssfgxvSo99qC8MRT 2488257078751687344128 2176708176 1
TXL6rJbvmjD46zeN1JssfgxvSo99qC8MRT 2491103202846973624320 2176358568 1
TXL6rJbvmjD46zeN1JssfgxvSo99qC8MRT 2490461933726468145152 2175192001 1
TF7ixydn7nfCgj9wQj3fRdKRAvsZ8egHcx 125236866629335930000000 206588899 1
TXL6rJbvmjD46zeN1JssfgxvSo99qC8MRT 2491814946619214790656 2175113967 1
TXL6rJbvmjD46zeN1JssfgxvSo99qC8MRT 80000000000000000000 69289942 1
TP7r1pDoS1snMjEJE1kE17GRt3Df4mYuZz 1496569348599648470000000 7130000000 2
TP7r1pDoS1snMjEJE1kE17GRt3Df4mYuZz 1496569348599648470000000 7136000000 1
TP7r1pDoS1snMjEJE1kE17GRt3Df4mYuZz 1736715645 351392003520454636953311 0
TP7r1pDoS1snMjEJE1kE17GRt3Df4mYuZz 1496569348599648470000000 7136000000 1
TP7r1pDoS1snMjEJE1kE17GRt3Df4mYuZz 1496569348599648470000000 7136000000 1
TP7r1pDoS1snMjEJE1kE17GRt3Df4mYuZz 1963097534844459725128298 9408933639 1
TP7r1pDoS1snMjEJE1kE17GRt3Df4mYuZz 1981423224189540611535549 9500000001 2
TP7r1pDoS1snMjEJE1kE17GRt3Df4mYuZz 1963097534844459725128298 9409874627 2
TP7r1pDoS1snMjEJE1kE17GRt3Df4mYuZz 1963097534844459725128298 9409874627 1
TP7r1pDoS1snMjEJE1kE17GRt3Df4mYuZz 1496569348599648470000000 6773500000 1
TP7r1pDoS1snMjEJE1kE17GRt3Df4mYuZz 1981423224189540611535549 9500000000 1
TP7r1pDoS1snMjEJE1kE17GRt3Df4mYuZz 1963097534844459725128298 6586912238 1
TBFr8v7HkKGydiHAjDL8NzqYf7cJqNsTVY 100000000 15549996900676148577916 0
TRJBN2ninnLKUUDR1f686goCYetPcPed8f 29022522426000000000000 1746485753 1
TXL6rJbvmjD46zeN1JssfgxvSo99qC8MRT 2495094404670287249408 2175968751 1
TXL6rJbvmjD46zeN1JssfgxvSo99qC8MRT 2496429492841874980864 2175833384 1
TX5eXdf8458bZ77fk8xdvUgiQmC3L93iv7 9740000000000000000000 0 1
TXL6rJbvmjD46zeN1JssfgxvSo99qC8MRT 2497170649892993892352 2175387799 1
TXL6rJbvmjD46zeN1JssfgxvSo99qC8MRT 800000000000000000000 691583904 1
TX5eXdf8458bZ77fk8xdvUgiQmC3L93iv7 204000000 1 0
TVHH59uHVpHzLDMFFpUgCx2dNAQqCzPhcR 151740000000000 189844386 1
TF7ixydn7nfCgj9wQj3fRdKRAvsZ8egHcx 124370320775536060000000 204816199 1
TXL6rJbvmjD46zeN1JssfgxvSo99qC8MRT 2499202264710627983360 2175348113 1
TVHH59uHVpHzLDMFFpUgCx2dNAQqCzPhcR 100000000 72238921404489 0
TLnVG3h2o5XHAbdP3MD578tMSBvUEskeST 98077359769044513001863 305652860 1
TLnVG3h2o5XHAbdP3MD578tMSBvUEskeST 90532947479118012001720 282164561 1
TLnVG3h2o5XHAbdP3MD578tMSBvUEskeST 188046168741936714859006 603384841 2
TP3prcvQknVthrVnn281cKST56eWiLgJJM 59624548510945986693197 1398120380 1
TXL6rJbvmjD46zeN1JssfgxvSo99qC8MRT 4884539489911695212544 4245972577 1
TXL6rJbvmjD46zeN1JssfgxvSo99qC8MRT 2504160241966607499264 2175479569 1
TXL6rJbvmjD46zeN1JssfgxvSo99qC8MRT 8296200000000000000000 7190553298 1
TXL6rJbvmjD46zeN1JssfgxvSo99qC8MRT 2516670232460219908096 2181130912 1
TXL6rJbvmjD46zeN1JssfgxvSo99qC8MRT 3301816620000000000000 2844198131 1
TP7r1pDoS1snMjEJE1kE17GRt3Df4mYuZz 50000000000000000000000 229632767 1
TSig7sWzEL2K83mkJMQtbyPpiVSbR6pZnb 1169390000 34650148216806379557083 0
TF7ixydn7nfCgj9wQj3fRdKRAvsZ8egHcx 202453835 110290858677398280000000 0
TP7r1pDoS1snMjEJE1kE17GRt3Df4mYuZz 50000000000000000000000 229632767 1
TXL6rJbvmjD46zeN1JssfgxvSo99qC8MRT 1580232939000000000000 1341029399 1
TXL6rJbvmjD46zeN1JssfgxvSo99qC8MRT 697136000 792000000000000000000 0
TXL6rJbvmjD46zeN1JssfgxvSo99qC8MRT 2000000 2249405652360543441 0
TR7NHqjeKQxGTCi8q8ZY4pL8otSzgjLj6t 1355000000 8484801136 2
TXL6rJbvmjD46zeN1JssfgxvSo99qC8MRT 696998400 792000000000000000000 0
TXL6rJbvmjD46zeN1JssfgxvSo99qC8MRT 679573440 772200000000000000000 0
TRJBN2ninnLKUUDR1f686goCYetPcPed8f 29398479743000000000000 1950122281 2
TR7NHqjeKQxGTCi8q8ZY4pL8otSzgjLj6t 6460900 980000 0
TX5eXdf8458bZ77fk8xdvUgiQmC3L93iv7 196000000 1 0
TR7NHqjeKQxGTCi8q8ZY4pL8otSzgjLj6t 60000000 369756475 1
TLnVG3h2o5XHAbdP3MD578tMSBvUEskeST 93361177652027271779581 299254354 2
TLnVG3h2o5XHAbdP3MD578tMSBvUEskeST 153051110904962740622263 476686832 1
TLnVG3h2o5XHAbdP3MD578tMSBvUEskeST 59689933252935468842682 191255219 2
TP7r1pDoS1snMjEJE1kE17GRt3Df4mYuZz 58010000000000000000000 2639536536 1
TFczxzPhnThNSqr5by8tvxsdCFRRz6cPNq TR7NHqjeKQxGTCi8q8ZY4pL8otSzgjLj6t 587913123000000 0 0
TRv9ipj4kKAZqQggQ7ceJpe5ERD1ZShpgs 50000000 56096603946856105822623 0
THinH2GeeMLYBoMpbbaAuQAyTxiuU9eRbn 18400000000 1766226656145644352402966 0
THinH2GeeMLYBoMpbbaAuQAyTxiuU9eRbn 478911381620807331000000 4750000000 2
THinH2GeeMLYBoMpbbaAuQAyTxiuU9eRbn 478911381620807331000000 4756000000 1
THinH2GeeMLYBoMpbbaAuQAyTxiuU9eRbn 475234318966051648967513 4712685086 1
THinH2GeeMLYBoMpbbaAuQAyTxiuU9eRbn 478911381620807331000000 4756000000 1
THinH2GeeMLYBoMpbbaAuQAyTxiuU9eRbn 475234318966051648967513 4713156402 2
THinH2GeeMLYBoMpbbaAuQAyTxiuU9eRbn 478911381620807331000000 4756000000 1
THinH2GeeMLYBoMpbbaAuQAyTxiuU9eRbn 475234318966051648967513 4713156402 1
THinH2GeeMLYBoMpbbaAuQAyTxiuU9eRbn 478911381620807331000000 4512500000 1
THinH2GeeMLYBoMpbbaAuQAyTxiuU9eRbn 475234318966051648967513 3299209481 1
TX5eXdf8458bZ77fk8xdvUgiQmC3L93iv7 210000000 1 0
TR7NHqjeKQxGTCi8q8ZY4pL8otSzgjLj6t 500000000 3081258805 1
TF7ixydn7nfCgj9wQj3fRdKRAvsZ8egHcx 135568334 73757399266666720000000 0
TXL6rJbvmjD46zeN1JssfgxvSo99qC8MRT 6450000 7252831292324226000 0
TP7r1pDoS1snMjEJE1kE17GRt3Df4mYuZz 58019000000000000000000 265751928 1
TJY1xdwaUK66rLkWsRX18Fuh6jc4sBn1BX 532488296442000000000000 153552876 1
TMwk13CthNktLiNpo8WDRuUMpyrzZTVZYH 85214791335000000000000 45929971 1
TP7r1pDoS1snMjEJE1kE17GRt3Df4mYuZz 2194556347 441073301475341442808606 0
TP7r1pDoS1snMjEJE1kE17GRt3Df4mYuZz 1490567121685962810000000 7140000000 2
TP7r1pDoS1snMjEJE1kE17GRt3Df4mYuZz 1666267695005634933745669 8000000000 2
TP7r1pDoS1snMjEJE1kE17GRt3Df4mYuZz 1490567121685962810000000 7146000000 1
TP7r1pDoS1snMjEJE1kE17GRt3Df4mYuZz 1490567121685962810000000 7146000000 1
TP7r1pDoS1snMjEJE1kE17GRt3Df4mYuZz 1666267695005634933745669 8000000000 1
TP7r1pDoS1snMjEJE1kE17GRt3Df4mYuZz 1490567121685962810000000 7146000000 1
TP7r1pDoS1snMjEJE1kE17GRt3Df4mYuZz 1958951731058420369399865 9441422634 2
TP7r1pDoS1snMjEJE1kE17GRt3Df4mYuZz 1958951731058420369399865 9441422634 1
TP7r1pDoS1snMjEJE1kE17GRt3Df4mYuZz 1958951731058420369399865 9440478491 1
TP7r1pDoS1snMjEJE1kE17GRt3Df4mYuZz 1490567121685962810000000 6783000000 1
TP7r1pDoS1snMjEJE1kE17GRt3Df4mYuZz 1958951731058420369399865 6608995843 1
TXL6rJbvmjD46zeN1JssfgxvSo99qC8MRT 2512404053947156791296 2173964124 1
TCdiR57j7cBqZHiiuLdxmcBr4EwdGHvLyv 487000000 1 0
TCdiR57j7cBqZHiiuLdxmcBr4EwdGHvLyv 489659993764290230070075 1 1
TXL6rJbvmjD46zeN1JssfgxvSo99qC8MRT 2514367816091953004544 2174147045 1
TLnVG3h2o5XHAbdP3MD578tMSBvUEskeST 100816877510365478139770 323182390 2
TLnVG3h2o5XHAbdP3MD578tMSBvUEskeST 123220628068224473281941 395098760 2
TLnVG3h2o5XHAbdP3MD578tMSBvUEskeST 224037505578589951421711 697240169 1
TF7ixydn7nfCgj9wQj3fRdKRAvsZ8egHcx 170019606752772692738695 280170192 1
TP7r1pDoS1snMjEJE1kE17GRt3Df4mYuZz 84900000000000000000000 392750725 1
TRJBN2ninnLKUUDR1f686goCYetPcPed8f 30775472974000000000000 2047004840 2
TBAbgFHHpuLERRcUFvjnojtBjkBr39NFB7 6666666 10715554484000000000000 0
TF7ixydn7nfCgj9wQj3fRdKRAvsZ8egHcx 122005795295489920000000 201114050 1
TP7r1pDoS1snMjEJE1kE17GRt3Df4mYuZz 160000000 32967869150484585525891 0
TP7r1pDoS1snMjEJE1kE17GRt3Df4mYuZz 400000000 82546165084971940717864 0
TXL6rJbvmjD46zeN1JssfgxvSo99qC8MRT 2515398553619739443200 2173846167 1
TXL6rJbvmjD46zeN1JssfgxvSo99qC8MRT 3136800000000000000000 2710961904 1
TXL6rJbvmjD46zeN1JssfgxvSo99qC8MRT 2518686557919634784256 2174711760 1
TXL6rJbvmjD46zeN1JssfgxvSo99qC8MRT 2520733120810504421376 2173893952 1
TP3prcvQknVthrVnn281cKST56eWiLgJJM 50000000 2078756526140939451823 0
TX5eXdf8458bZ77fk8xdvUgiQmC3L93iv7 9591000000000000000000 0 1
TR7NHqjeKQxGTCi8q8ZY4pL8otSzgjLj6t TFczxzPhnThNSqr5by8tvxsdCFRRz6cPNq 2299194467 0 0
TXL6rJbvmjD46zeN1JssfgxvSo99qC8MRT 12416400000000000000000 10692258022 1
TXL6rJbvmjD46zeN1JssfgxvSo99qC8MRT 800000000000000000000 683305920 1
TXL6rJbvmjD46zeN1JssfgxvSo99qC8MRT 4922021809641339486208 4240737069 1
TXL6rJbvmjD46zeN1JssfgxvSo99qC8MRT 800000000000000000000 683305920 1
TXL6rJbvmjD46zeN1JssfgxvSo99qC8MRT 80000000000000000000 68330592 1
TJY1xdwaUK66rLkWsRX18Fuh6jc4sBn1BX 135000000 447049069909080725277892 0
TLnVG3h2o5XHAbdP3MD578tMSBvUEskeST 196995092206840513509879 632177893 2
TLnVG3h2o5XHAbdP3MD578tMSBvUEskeST 51372380145699869113106 160185752 1
TLnVG3h2o5XHAbdP3MD578tMSBvUEskeST 146213697337761165937302 455437019 1
TP7r1pDoS1snMjEJE1kE17GRt3Df4mYuZz 100000000000000000000000 462514218 1
TP7r1pDoS1snMjEJE1kE17GRt3Df4mYuZz 55961000000000000000000 258530086 1
TR7NHqjeKQxGTCi8q8ZY4pL8otSzgjLj6t TFczxzPhnThNSqr5by8tvxsdCFRRz6cPNq 1121003302 0 0
TX5eXdf8458bZ77fk8xdvUgiQmC3L93iv7 192000000 1 0
TRv9ipj4kKAZqQggQ7ceJpe5ERD1ZShpgs 2000000000000000000000000 1748010384 1
TF7ixydn7nfCgj9wQj3fRdKRAvsZ8egHcx 200070758 108888041753715900000000 0
TCdiR57j7cBqZHiiuLdxmcBr4EwdGHvLyv 564000000 1 0
TCdiR57j7cBqZHiiuLdxmcBr4EwdGHvLyv 419922764934573730909303 1 1
TPeoxx1VhUMnAUyjwWfximDYFDQaxNQQ45 9909000000000000000000 513225061 1
TPeoxx1VhUMnAUyjwWfximDYFDQaxNQQ45 3617030000000000000000 187339837 1
TPeoxx1VhUMnAUyjwWfximDYFDQaxNQQ45 6291970000000000000000 325885225 1
TP7r1pDoS1snMjEJE1kE17GRt3Df4mYuZz 76100000000000000000000 350972580 1
TP7r1pDoS1snMjEJE1kE17GRt3Df4mYuZz 75000000000000000000000 345904269 1
TXL6rJbvmjD46zeN1JssfgxvSo99qC8MRT 2531740853217640579072 2174063506 1
TJUHBYfCSBLKC1fSGNprnKjppdsXm9dj6x 6000000000000000000000000 1050925931 2
TXL6rJbvmjD46zeN1JssfgxvSo99qC8MRT 691564800 792000000000000000000 0
TF7ixydn7nfCgj9wQj3fRdKRAvsZ8egHcx 122321118535999430000000 201614700 1
TR7NHqjeKQxGTCi8q8ZY4pL8otSzgjLj6t 16300000000 2602818116 0
TXL6rJbvmjD46zeN1JssfgxvSo99qC8MRT 691564800 792000000000000000000 0
TXL6rJbvmjD46zeN1JssfgxvSo99qC8MRT 2169869807 2506385325245315153920 0
TXL6rJbvmjD46zeN1JssfgxvSo99qC8MRT 691564800 792000000000000000000 0
TXL6rJbvmjD46zeN1JssfgxvSo99qC8MRT 691564800 792000000000000000000 0
TLnVG3h2o5XHAbdP3MD578tMSBvUEskeST 130849167957970410426147 419600893 2
TLnVG3h2o5XHAbdP3MD578tMSBvUEskeST 87232778638646940284098 279598785 2
TLnVG3h2o5XHAbdP3MD578tMSBvUEskeST 218081946596617350710245 678760153 1
TXL6rJbvmjD46zeN1JssfgxvSo99qC8MRT 3305093964 3815878642640992337920 0
TXL6rJbvmjD46zeN1JssfgxvSo99qC8MRT 2169869807 2502866893453467844608 0
TXL6rJbvmjD46zeN1JssfgxvSo99qC8MRT 3912600000000000000000 3409385241 2
TXL6rJbvmjD46zeN1JssfgxvSo99qC8MRT 6090267420 7016871254294304653312 0
TXL6rJbvmjD46zeN1JssfgxvSo99qC8MRT 10000000000 10940853763201111439106 0
TXL6rJbvmjD46zeN1JssfgxvSo99qC8MRT 2169869807 2488030421607865384960 0
TXL6rJbvmjD46zeN1JssfgxvSo99qC8MRT 2706568397 3107466169616951672832 0
TXL6rJbvmjD46zeN1JssfgxvSo99qC8MRT 4104600000000000000000 3597811038 2
TXL6rJbvmjD46zeN1JssfgxvSo99qC8MRT 3130580737109705000000 2737557350 2
TXL6rJbvmjD46zeN1JssfgxvSo99qC8MRT 3298031533667666000000 2888512540 2
TXL6rJbvmjD46zeN1JssfgxvSo99qC8MRT 5756845199999999000000 5031702113 2
TXL6rJbvmjD46zeN1JssfgxvSo99qC8MRT 4680808391466378300000 4103752127 2
TXL6rJbvmjD46zeN1JssfgxvSo99qC8MRT 6484479337756251000000 5694755393 2
TXL6rJbvmjD46zeN1JssfgxvSo99qC8MRT 5203822678828397000000 4554875214 2
TXL6rJbvmjD46zeN1JssfgxvSo99qC8MRT 5735215178341102000000 5022665037 2
TXL6rJbvmjD46zeN1JssfgxvSo99qC8MRT 2848800000000000000000 2512121839 2
TXL6rJbvmjD46zeN1JssfgxvSo99qC8MRT 3551262037211875000000 3107812295 2
TXL6rJbvmjD46zeN1JssfgxvSo99qC8MRT 12746177631 14558160219562691264512 0
TGoMhQZ5yA1X2gQSCKeRHk6wY3fXce3yWA 110779000000000000000000 73063087 1
TXL6rJbvmjD46zeN1JssfgxvSo99qC8MRT 2480962238 2824990170641227317248 0
TXL6rJbvmjD46zeN1JssfgxvSo99qC8MRT 2169869807 2468716841223811760128 0
TRJBN2ninnLKUUDR1f686goCYetPcPed8f 30257392434000000000000 1826055384 1
TXL6rJbvmjD46zeN1JssfgxvSo99qC8MRT 3456000000000000000000 3053700121 2
TXL6rJbvmjD46zeN1JssfgxvSo99qC8MRT 2169869807 2464954093955803774976 0
TXL6rJbvmjD46zeN1JssfgxvSo99qC8MRT 5314205111 6044268064844445384704 0
TUFonyWZ4Tza5MzgDj6g2u5rfdGoRVYG7g 491419898610000000000000 4421259842 1
TXL6rJbvmjD46zeN1JssfgxvSo99qC8MRT 3805811452 4323471927756204277760 0
TF7ixydn7nfCgj9wQj3fRdKRAvsZ8egHcx 170019606752772692738695 279684618 1
TXL6rJbvmjD46zeN1JssfgxvSo99qC8MRT 3131303913 3553479467945780838400 0
TPeoxx1VhUMnAUyjwWfximDYFDQaxNQQ45 260487927465965425737327 13885649383 1
TPeoxx1VhUMnAUyjwWfximDYFDQaxNQQ45 260487927465965425737327 13885649383 1
TPeoxx1VhUMnAUyjwWfximDYFDQaxNQQ45 269614227063739093924557 14273503660 1
TXL6rJbvmjD46zeN1JssfgxvSo99qC8MRT 2169869807 2460342456087087153152 0
TPeoxx1VhUMnAUyjwWfximDYFDQaxNQQ45 269614227063739093924557 14274931154 2
TPeoxx1VhUMnAUyjwWfximDYFDQaxNQQ45 7200000000 133705078140172502421761 0
TPeoxx1VhUMnAUyjwWfximDYFDQaxNQQ45 269614227063739093924557 14274931154 1
TPeoxx1VhUMnAUyjwWfximDYFDQaxNQQ45 21810632176 410104518873845628951065 0
TPeoxx1VhUMnAUyjwWfximDYFDQaxNQQ45 20333291841238959400000 1076000000 1
TPeoxx1VhUMnAUyjwWfximDYFDQaxNQQ45 20333291841238959400000 1070000000 2
TPeoxx1VhUMnAUyjwWfximDYFDQaxNQQ45 20333291841238959400000 1076000000 1
TXL6rJbvmjD46zeN1JssfgxvSo99qC8MRT 3156000000000000000000 2805820266 2
TPeoxx1VhUMnAUyjwWfximDYFDQaxNQQ45 260487927465965425737327 13885649383 1
TPeoxx1VhUMnAUyjwWfximDYFDQaxNQQ45 20333291841238959400000 1076000000 1
TXL6rJbvmjD46zeN1JssfgxvSo99qC8MRT 8223620215848476000000 7272680277 2
TXL6rJbvmjD46zeN1JssfgxvSo99qC8MRT 7066544764261267000000 6257012728 2
TPeoxx1VhUMnAUyjwWfximDYFDQaxNQQ45 269614227063739093924557 9992451807 1
TXL6rJbvmjD46zeN1JssfgxvSo99qC8MRT 2882986800000000300000 2551521289 2
TPeoxx1VhUMnAUyjwWfximDYFDQaxNQQ45 20333291841238959400000 1016500000 1
TXL6rJbvmjD46zeN1JssfgxvSo99qC8MRT 3621196698959945000000 3210160597 2
TXL6rJbvmjD46zeN1JssfgxvSo99qC8MRT 3454599800000000000000 3059740220 2
TXL6rJbvmjD46zeN1JssfgxvSo99qC8MRT 6446986384151524000000 5711242210 2
TXL6rJbvmjD46zeN1JssfgxvSo99qC8MRT 4062198925264844500000 3605469946 2
TXL6rJbvmjD46zeN1JssfgxvSo99qC8MRT 7701185397024066000000 6849504947 2
TXL6rJbvmjD46zeN1JssfgxvSo99qC8MRT 9082577328780126000000 8052628210 2
TXL6rJbvmjD46zeN1JssfgxvSo99qC8MRT 5261210000000000000000 4656960591 2
TXL6rJbvmjD46zeN1JssfgxvSo99qC8MRT 2594400000000000000000 2319801794 2
TXL6rJbvmjD46zeN1JssfgxvSo99qC8MRT 6882032200000000000000 6108609449 2
TXL6rJbvmjD46zeN1JssfgxvSo99qC8MRT 5469023216 6154803777898197024768 0
TUgoN5W56SBm4zQL6uicDA3SvQuSw4PNKs 723322034728000000000000 19986469 1
TXL6rJbvmjD46zeN1JssfgxvSo99qC8MRT 3389708796603090447091 2995565161 1
TXL6rJbvmjD46zeN1JssfgxvSo99qC8MRT 3037800000000000000000 2684520465 1
TXL6rJbvmjD46zeN1JssfgxvSo99qC8MRT 2454286022649373323642 2167124981 1
TPUZseUsV89tM157aLfkuKYEaRKzBirmRb 357123939524563086496789 2293336681 1
TPUZseUsV89tM157aLfkuKYEaRKzBirmRb 649177071382000000000000 4132745521 1
TX5eXdf8458bZ77fk8xdvUgiQmC3L93iv7 213000000 1 0
TH5ydFhBnLV4ZHF2bgBVaTBfX8LY17kj9W TR7NHqjeKQxGTCi8q8ZY4pL8otSzgjLj6t 23122000000 7593038504 0
TXL6rJbvmjD46zeN1JssfgxvSo99qC8MRT 2160724395 2431685383048153530368 0
TXL6rJbvmjD46zeN1JssfgxvSo99qC8MRT 2169869807 2438402073952365576192 0
TXL6rJbvmjD46zeN1JssfgxvSo99qC8MRT 3900000000000000000000 3487117443 2
TXL6rJbvmjD46zeN1JssfgxvSo99qC8MRT 4201281373276005000000 3745194435 2
TXL6rJbvmjD46zeN1JssfgxvSo99qC8MRT 5548114116 6226306248118143811584 0
TXL6rJbvmjD46zeN1JssfgxvSo99qC8MRT 4303800000000000000000 3860748922 2
TXL6rJbvmjD46zeN1JssfgxvSo99qC8MRT 6356714073 7124093439765960982528 0
TLnVG3h2o5XHAbdP3MD578tMSBvUEskeST 170103997759891544547197 545726708 2
TLnVG3h2o5XHAbdP3MD578tMSBvUEskeST 44359720535824516987017 138332070 1
TLnVG3h2o5XHAbdP3MD578tMSBvUEskeST 126254589217346702193821 393359124 1
TXL6rJbvmjD46zeN1JssfgxvSo99qC8MRT 4232849477 4733587634923648319488 0
TAt4ufXFaHZAEV44ev7onThjTnF61SEaEM 10000000000000000000000 4179315809 1
TXL6rJbvmjD46zeN1JssfgxvSo99qC8MRT 3705237009798950912212 3287893004 1
TGoMhQZ5yA1X2gQSCKeRHk6wY3fXce3yWA 260000000 379026745732807400000000 0
TXL6rJbvmjD46zeN1JssfgxvSo99qC8MRT 4157315785984086139607 3685446132 1
TCdiR57j7cBqZHiiuLdxmcBr4EwdGHvLyv 504000000 1 0
TXL6rJbvmjD46zeN1JssfgxvSo99qC8MRT 7872565217000000000000 6620443059 1
TCdiR57j7cBqZHiiuLdxmcBr4EwdGHvLyv 7465395877538650190940 1 1
TXL6rJbvmjD46zeN1JssfgxvSo99qC8MRT 2169869807 2435852979183473917952 0
TXL6rJbvmjD46zeN1JssfgxvSo99qC8MRT 2335959128 2624576293406328750080 0
TXL6rJbvmjD46zeN1JssfgxvSo99qC8MRT 5767735908 6472713783188665663488 0
TXL6rJbvmjD46zeN1JssfgxvSo99qC8MRT 2169869807 2433026096869831344128 0
TP7r1pDoS1snMjEJE1kE17GRt3Df4mYuZz 60000000000000000000000 275704866 1
TXL6rJbvmjD46zeN1JssfgxvSo99qC8MRT 2169869807 2430462891078096781312 0
TXL6rJbvmjD46zeN1JssfgxvSo99qC8MRT 2876595275 3222258473831202553856 0
TXL6rJbvmjD46zeN1JssfgxvSo99qC8MRT 2169869807 2428670914656351551488 0
TXL6rJbvmjD46zeN1JssfgxvSo99qC8MRT 4746764146 5307696592584730214400 0
TXL6rJbvmjD46zeN1JssfgxvSo99qC8MRT 2169869807 2425076621645665796096 0
TXL6rJbvmjD46zeN1JssfgxvSo99qC8MRT 3419400000000000000000 3074547257 2
TXL6rJbvmjD46zeN1JssfgxvSo99qC8MRT 3042061839098011000000 2732031679 2
TXL6rJbvmjD46zeN1JssfgxvSo99qC8MRT 6667005191 7447609896290729590784 0
TXL6rJbvmjD46zeN1JssfgxvSo99qC8MRT 3347020911883374300000 3008978939 2
TXL6rJbvmjD46zeN1JssfgxvSo99qC8MRT 7148768275013527000000 6437404568 2
TXL6rJbvmjD46zeN1JssfgxvSo99qC8MRT 3575805631195401700000 3212215992 2
TXL6rJbvmjD46zeN1JssfgxvSo99qC8MRT 5673981899848475000000 5092834979 2
TXL6rJbvmjD46zeN1JssfgxvSo99qC8MRT 3088194923993929600000 2774074814 2
TXL6rJbvmjD46zeN1JssfgxvSo99qC8MRT 3945905481296656700000 3546635271 2
TXL6rJbvmjD46zeN1JssfgxvSo99qC8MRT 5282400000000000000000 4780793578 2
TR7NHqjeKQxGTCi8q8ZY4pL8otSzgjLj6t TH5ydFhBnLV4ZHF2bgBVaTBfX8LY17kj9W 83000000 250295578 0
TXL6rJbvmjD46zeN1JssfgxvSo99qC8MRT 12484768155 13830876528360361558016 0
TXL6rJbvmjD46zeN1JssfgxvSo99qC8MRT 6144000000000000000000 5584573858 2
TXL6rJbvmjD46zeN1JssfgxvSo99qC8MRT 2169869807 2399613212884015775744 0
TXL6rJbvmjD46zeN1JssfgxvSo99qC8MRT 5017863884 5538902288922113474560 0
TXL6rJbvmjD46zeN1JssfgxvSo99qC8MRT 800000000000000000000 713470032 1
TXL6rJbvmjD46zeN1JssfgxvSo99qC8MRT 800000000000000000000 713470032 1
TXL6rJbvmjD46zeN1JssfgxvSo99qC8MRT 3234756615792886353784 2912501488 1
TXL6rJbvmjD46zeN1JssfgxvSo99qC8MRT 2415625647042583855104 2173858993 1
TXL6rJbvmjD46zeN1JssfgxvSo99qC8MRT 2893990610238173105230 2603323769 1
TXL6rJbvmjD46zeN1JssfgxvSo99qC8MRT 800000000000000000000 713470032 1
TXL6rJbvmjD46zeN1JssfgxvSo99qC8MRT 800000000000000000000 713470032 1
TXL6rJbvmjD46zeN1JssfgxvSo99qC8MRT 4518136087244611548849 4058413598 1
TXL6rJbvmjD46zeN1JssfgxvSo99qC8MRT 6337800000000000000000 5689828730 1
TXL6rJbvmjD46zeN1JssfgxvSo99qC8MRT 2424326383597699203072 2174131713 1
TR7NHqjeKQxGTCi8q8ZY4pL8otSzgjLj6t 1305000000 8173127167 2
TXL6rJbvmjD46zeN1JssfgxvSo99qC8MRT 4774078854453246676742 4280801136 1
TXL6rJbvmjD46zeN1JssfgxvSo99qC8MRT 11505202660000000000000 9793059055 1
TXL6rJbvmjD46zeN1JssfgxvSo99qC8MRT 3598200000000000000000 3211390721 1
TXL6rJbvmjD46zeN1JssfgxvSo99qC8MRT 2948846165053152155002 2633645578 1
TXL6rJbvmjD46zeN1JssfgxvSo99qC8MRT 4612200000000000000000 4116444686 1
TXL6rJbvmjD46zeN1JssfgxvSo99qC8MRT 3468281880196896698667 3093897601 1
TXL6rJbvmjD46zeN1JssfgxvSo99qC8MRT 3360920000000000000000 2979516112 1
TXL6rJbvmjD46zeN1JssfgxvSo99qC8MRT 4759185180983940874240 4241752237 1
TXL6rJbvmjD46zeN1JssfgxvSo99qC8MRT 9439200000000000000000 8410873866 1
TXL6rJbvmjD46zeN1JssfgxvSo99qC8MRT 800000000000000000000 706962168 1
TXL6rJbvmjD46zeN1JssfgxvSo99qC8MRT 5485386820000000000000 4850352736 1
TXL6rJbvmjD46zeN1JssfgxvSo99qC8MRT 4779110568236664487936 4242896597 1
TXL6rJbvmjD46zeN1JssfgxvSo99qC8MRT 10144200000000000000000 9002807099 1
TXL6rJbvmjD46zeN1JssfgxvSo99qC8MRT 2452697967764540227584 2175290974 1
TXL6rJbvmjD46zeN1JssfgxvSo99qC8MRT 652006800 722700000000000000000 0
TXL6rJbvmjD46zeN1JssfgxvSo99qC8MRT 62521200 69300000000000000000 0
TXL6rJbvmjD46zeN1JssfgxvSo99qC8MRT 2453070939143536640000 2174934317 1
TXL6rJbvmjD46zeN1JssfgxvSo99qC8MRT 800000000000000000000 703018800 1
TXL6rJbvmjD46zeN1JssfgxvSo99qC8MRT 6609000000000000000000 5862644970 1
TRJBN2ninnLKUUDR1f686goCYetPcPed8f 25132516498000000000000 1512546769 1
TF7ixydn7nfCgj9wQj3fRdKRAvsZ8egHcx 173214435 94505637442773530000000 0
TX5eXdf8458bZ77fk8xdvUgiQmC3L93iv7 9265000000000000000000 0 1
TXL6rJbvmjD46zeN1JssfgxvSo99qC8MRT 6457800000000000000000 5721079449 1
TXL6rJbvmjD46zeN1JssfgxvSo99qC8MRT 7143894615390875025408 6319030478 1
TXL6rJbvmjD46zeN1JssfgxvSo99qC8MRT 2462268878969860259840 2174147040 1
TLnVG3h2o5XHAbdP3MD578tMSBvUEskeST 110199266035911758741617 343397874 1
TLnVG3h2o5XHAbdP3MD578tMSBvUEskeST 192753784324065975304992 618546967 2
TLnVG3h2o5XHAbdP3MD578tMSBvUEskeST 83132779641126414489289 259131822 1
TXL6rJbvmjD46zeN1JssfgxvSo99qC8MRT 2228530690248570000000 1956786109 1
TAwAg9wtQzTMFsijnSFotJrpxhMm3AqW1d 105532748 5279303715007579585600 0
TXL6rJbvmjD46zeN1JssfgxvSo99qC8MRT 2464777973258267394048 2173900060 1
TBFr8v7HkKGydiHAjDL8NzqYf7cJqNsTVY 2000000 310918069218667757168 0
TRv9ipj4kKAZqQggQ7ceJpe5ERD1ZShpgs 94000000 106211354342718091023163 0
TR7NHqjeKQxGTCi8q8ZY4pL8otSzgjLj6t TN3W4H6rK2ce4vX9YnFQHwKENnHjoxb3m9 300000000 391408 0
TP7r1pDoS1snMjEJE1kE17GRt3Df4mYuZz 1177330951 236531724041728913584967 0
TXL6rJbvmjD46zeN1JssfgxvSo99qC8MRT 710266400 792000000000000000000 0
TXL6rJbvmjD46zeN1JssfgxvSo99qC8MRT 710266400 792000000000000000000 0
TXL6rJbvmjD46zeN1JssfgxvSo99qC8MRT 710266400 792000000000000000000 0
TXL6rJbvmjD46zeN1JssfgxvSo99qC8MRT 2466131595152538992640 2174595053 1
TXL6rJbvmjD46zeN1JssfgxvSo99qC8MRT 800000000000000000000 699259176 1
TXL6rJbvmjD46zeN1JssfgxvSo99qC8MRT 2467285334742774317056 2174109493 1
TXL6rJbvmjD46zeN1JssfgxvSo99qC8MRT 2468265162200281251840 2173799861 1
TCdiR57j7cBqZHiiuLdxmcBr4EwdGHvLyv 488000000 1 0
TCdiR57j7cBqZHiiuLdxmcBr4EwdGHvLyv 326103565467597965021194 1 1
TF7ixydn7nfCgj9wQj3fRdKRAvsZ8egHcx 141130476397926740000000 231988100 1
TXL6rJbvmjD46zeN1JssfgxvSo99qC8MRT 709208000 792000000000000000000 0
TXL6rJbvmjD46zeN1JssfgxvSo99qC8MRT 709208000 792000000000000000000 0
TXL6rJbvmjD46zeN1JssfgxvSo99qC8MRT 709208000 792000000000000000000 0
TXL6rJbvmjD46zeN1JssfgxvSo99qC8MRT 3612445058 4072728168120613601280 0
TXL6rJbvmjD46zeN1JssfgxvSo99qC8MRT 2169869807 2443077367916819644416 0
TXL6rJbvmjD46zeN1JssfgxvSo99qC8MRT 8648158775101534000000 7693961739 2
TXL6rJbvmjD46zeN1JssfgxvSo99qC8MRT 4232849477 4749363816821702000640 0
TXL6rJbvmjD46zeN1JssfgxvSo99qC8MRT 6628151848 7433158928185696452608 0
TXL6rJbvmjD46zeN1JssfgxvSo99qC8MRT 4232849477 4734350321881807060992 0
TP7r1pDoS1snMjEJE1kE17GRt3Df4mYuZz 75425000000000000000000 348208098 1
TT5ioiNzfGbyNc8mRvHmNLPxShgPsDaUoz 219588217 591017573977957516083418 0
TT5ioiNzfGbyNc8mRvHmNLPxShgPsDaUoz 1300000000 3442356012167188755755408 0
TXL6rJbvmjD46zeN1JssfgxvSo99qC8MRT 1529613342 1711470358848209944576 0
TXL6rJbvmjD46zeN1JssfgxvSo99qC8MRT 2169869807 2425985454412910821376 0
TXL6rJbvmjD46zeN1JssfgxvSo99qC8MRT 4999200000000000000000 4495916346 2
TXL6rJbvmjD46zeN1JssfgxvSo99qC8MRT 2704828174659175300000 2428802323 2
TXL6rJbvmjD46zeN1JssfgxvSo99qC8MRT 2765060850195856000000 2485141319 2
TXL6rJbvmjD46zeN1JssfgxvSo99qC8MRT 2765060850195856000000 2482762568 2
TXL6rJbvmjD46zeN1JssfgxvSo99qC8MRT 2765060850195856000000 2483028967 2
TXL6rJbvmjD46zeN1JssfgxvSo99qC8MRT 2161735830 2409252398077987258368 0
TXL6rJbvmjD46zeN1JssfgxvSo99qC8MRT 12484768155 13876160426723564847104 0
TXL6rJbvmjD46zeN1JssfgxvSo99qC8MRT 3605400000000000000000 3253519618 2
TP7r1pDoS1snMjEJE1kE17GRt3Df4mYuZz 58569000000000000000000 270448948 1
TBGiw4RApqdA3Q5dmHCGi9WFpv7TAqGLJw 720673616662582427302791 0 1
TBGiw4RApqdA3Q5dmHCGi9WFpv7TAqGLJw 44632760 634099536383878117573423 0
TXL6rJbvmjD46zeN1JssfgxvSo99qC8MRT 2896152158014596310328 2592016609 1
TXL6rJbvmjD46zeN1JssfgxvSo99qC8MRT 2433936022253128384512 2174190082 1
TXL6rJbvmjD46zeN1JssfgxvSo99qC8MRT 5299200000000000000000 4740517003 1
TXL6rJbvmjD46zeN1JssfgxvSo99qC8MRT 800000000000000000000 709114032 1
TXL6rJbvmjD46zeN1JssfgxvSo99qC8MRT 800000000000000000000 709113240 1
TXL6rJbvmjD46zeN1JssfgxvSo99qC8MRT 5520771699416975000000 4907777667 1
TXL6rJbvmjD46zeN1JssfgxvSo99qC8MRT 1600000000000000000000 1418228064 1
TXL6rJbvmjD46zeN1JssfgxvSo99qC8MRT 8281479015653251000000 7359316430 1
TXL6rJbvmjD46zeN1JssfgxvSo99qC8MRT 800000000000000000000 709113240 1
TXL6rJbvmjD46zeN1JssfgxvSo99qC8MRT 12842400000000000000000 11428183304 1
TXL6rJbvmjD46zeN1JssfgxvSo99qC8MRT 800000000000000000000 709113240 1
TXL6rJbvmjD46zeN1JssfgxvSo99qC8MRT 5485386820000000000000 4858634528 1
TXL6rJbvmjD46zeN1JssfgxvSo99qC8MRT 3736968689657847663362 3318867944 1
TRJBN2ninnLKUUDR1f686goCYetPcPed8f 35137361766000000000000 2109786625 1
TXL6rJbvmjD46zeN1JssfgxvSo99qC8MRT 2452354260089684623360 2173814007 1
TXL6rJbvmjD46zeN1JssfgxvSo99qC8MRT 4923630073973720852850 4363861644 1
TXL6rJbvmjD46zeN1JssfgxvSo99qC8MRT 4255487592161084999999 3748924827 1
TXL6rJbvmjD46zeN1JssfgxvSo99qC8MRT 2459498735422227349504 2173694518 1
TP3prcvQknVthrVnn281cKST56eWiLgJJM 51809699966239926969551 1212733631 1
TXL6rJbvmjD46zeN1JssfgxvSo99qC8MRT 9534600000000000000000 8417467156 1
TXL6rJbvmjD46zeN1JssfgxvSo99qC8MRT 4812658800046368620544 4245757140 1
TXL6rJbvmjD46zeN1JssfgxvSo99qC8MRT 2467868363174958858240 2174094157 1
TXL6rJbvmjD46zeN1JssfgxvSo99qC8MRT 2796725890759215999999 2449311036 1
TXL6rJbvmjD46zeN1JssfgxvSo99qC8MRT 11436651359801807000000 9997644868 1
TF7ixydn7nfCgj9wQj3fRdKRAvsZ8egHcx 14468045703044768853445 23757532 1
TBGiw4RApqdA3Q5dmHCGi9WFpv7TAqGLJw 42706317 606786732239866153334427 0
TBGiw4RApqdA3Q5dmHCGi9WFpv7TAqGLJw 677242236282519277509252 0 1
TAwAg9wtQzTMFsijnSFotJrpxhMm3AqW1d 260880000000000000000 4666270 1
TF7ixydn7nfCgj9wQj3fRdKRAvsZ8egHcx 128374781 70105642579163700000000 0
TXL6rJbvmjD46zeN1JssfgxvSo99qC8MRT 2475247524752474505216 2172392150 1
TXL6rJbvmjD46zeN1JssfgxvSo99qC8MRT 2478885018289961435136 2173475158 1
TXL6rJbvmjD46zeN1JssfgxvSo99qC8MRT 12935400000000000000000 11295229255 1
TXL6rJbvmjD46zeN1JssfgxvSo99qC8MRT 4839991261274690289664 4239773961 1
TXL6rJbvmjD46zeN1JssfgxvSo99qC8MRT 2494280000000000300000 2173777753 1
TXL6rJbvmjD46zeN1JssfgxvSo99qC8MRT 13459200000000000000000 11748881228 1
TXL6rJbvmjD46zeN1JssfgxvSo99qC8MRT 2491277987515694841856 2173987059 1
TXL6rJbvmjD46zeN1JssfgxvSo99qC8MRT 3969870362499999000000 3445452100 1
TXL6rJbvmjD46zeN1JssfgxvSo99qC8MRT 2492975896723644743680 2172721475 1
TXL6rJbvmjD46zeN1JssfgxvSo99qC8MRT 5323180000000000000000 4611555966 1
TBGiw4RApqdA3Q5dmHCGi9WFpv7TAqGLJw 37333714 529385218757601752853294 0
TBGiw4RApqdA3Q5dmHCGi9WFpv7TAqGLJw 1274048203066772825177483 0 1
TCdiR57j7cBqZHiiuLdxmcBr4EwdGHvLyv 336000000 1 0
TCdiR57j7cBqZHiiuLdxmcBr4EwdGHvLyv 9793199875285804601401 1 1
TAwAg9wtQzTMFsijnSFotJrpxhMm3AqW1d 374870682930260453882016 7235970323 1
TAwAg9wtQzTMFsijnSFotJrpxhMm3AqW1d 2200000000 111988664676646257688576 0
TAwAg9wtQzTMFsijnSFotJrpxhMm3AqW1d 1490134403 75792631575968040878080 0
TLnVG3h2o5XHAbdP3MD578tMSBvUEskeST 127614315730948065346182 397589568 1
TLnVG3h2o5XHAbdP3MD578tMSBvUEskeST 108708491178215018628230 338757968 1
TLnVG3h2o5XHAbdP3MD578tMSBvUEskeST 235615959032066883324439 756451264 2
TXL6rJbvmjD46zeN1JssfgxvSo99qC8MRT 15990647034941367999999 13806448661 1
TXL6rJbvmjD46zeN1JssfgxvSo99qC8MRT 698076000 792000000000000000000 0
TXL6rJbvmjD46zeN1JssfgxvSo99qC8MRT 698076000 792000000000000000000 0
TXL6rJbvmjD46zeN1JssfgxvSo99qC8MRT 698076000 792000000000000000000 0
TXL6rJbvmjD46zeN1JssfgxvSo99qC8MRT 698076000 792000000000000000000 0
TMacq4TDUw5q8NFBwmbY4RLXvzvG5JTkvi 8634001676 1176545819314746601638797 0
TMacq4TDUw5q8NFBwmbY4RLXvzvG5JTkvi 279901620265940049000000 2000000000 2
TMacq4TDUw5q8NFBwmbY4RLXvzvG5JTkvi 277710461357787202985390 1984264529 2
TMacq4TDUw5q8NFBwmbY4RLXvzvG5JTkvi 279901620265940049000000 2006000000 1
TMacq4TDUw5q8NFBwmbY4RLXvzvG5JTkvi 279901620126695926794461 2000000001 2
TMacq4TDUw5q8NFBwmbY4RLXvzvG5JTkvi 277710461357787202985390 1984066102 1
TMacq4TDUw5q8NFBwmbY4RLXvzvG5JTkvi 1999803559 279594392730642028266386 0
TMacq4TDUw5q8NFBwmbY4RLXvzvG5JTkvi 279901620126695926794461 2000000000 1
TMacq4TDUw5q8NFBwmbY4RLXvzvG5JTkvi 279901620265940049631123 2000000000 2
TMacq4TDUw5q8NFBwmbY4RLXvzvG5JTkvi 279901620265940049000000 2006000000 1
TMacq4TDUw5q8NFBwmbY4RLXvzvG5JTkvi 277710461357787202985390 1984264529 1
TMacq4TDUw5q8NFBwmbY4RLXvzvG5JTkvi 279901620265940049000000 2006000000 1
TMacq4TDUw5q8NFBwmbY4RLXvzvG5JTkvi 279901620265940049631123 2000000000 1
TXL6rJbvmjD46zeN1JssfgxvSo99qC8MRT 698076000 792000000000000000000 0
TMacq4TDUw5q8NFBwmbY4RLXvzvG5JTkvi 279901620265940049000000 1900000000 1
TMacq4TDUw5q8NFBwmbY4RLXvzvG5JTkvi 277710461357787202985390 1388985170 1
TXL6rJbvmjD46zeN1JssfgxvSo99qC8MRT 698076000 792000000000000000000 0
TXL6rJbvmjD46zeN1JssfgxvSo99qC8MRT 2649464372 3032432413836391219200 0
TXL6rJbvmjD46zeN1JssfgxvSo99qC8MRT 2168525402 2478412250618472693760 0
TMEvVHCUngZ6JfuvnH74cX8UFw1KedAuhR 50000000 2510766076757684926329 0
TXL6rJbvmjD46zeN1JssfgxvSo99qC8MRT 4323893939 4942179334435240935424 0
TXL6rJbvmjD46zeN1JssfgxvSo99qC8MRT 4230226893 4825276037177908658176 0
TBGiw4RApqdA3Q5dmHCGi9WFpv7TAqGLJw 37989243 539842132814343755933601 0
TBGiw4RApqdA3Q5dmHCGi9WFpv7TAqGLJw 598662712676299506250634 0 1
TXL6rJbvmjD46zeN1JssfgxvSo99qC8MRT 7655691145 8734083446789227151360 0
TXL6rJbvmjD46zeN1JssfgxvSo99qC8MRT 3077398144001220500000 2705938632 2
TXL6rJbvmjD46zeN1JssfgxvSo99qC8MRT 5713849659 6511604987193987170304 0
TRv9ipj4kKAZqQggQ7ceJpe5ERD1ZShpgs 51266285519 50981290151044779304480881 0
TRv9ipj4kKAZqQggQ7ceJpe5ERD1ZShpgs 8493446644399136660562319 7600000001 2
TRv9ipj4kKAZqQggQ7ceJpe5ERD1ZShpgs 8493446644399136660562319 7600000000 1
TXL6rJbvmjD46zeN1JssfgxvSo99qC8MRT 6291928385 7155064571158434152448 0
TXL6rJbvmjD46zeN1JssfgxvSo99qC8MRT 4459582033 5070975947988945338368 0
TX5eXdf8458bZ77fk8xdvUgiQmC3L93iv7 9006000000000000000000 0 1
TRJBN2ninnLKUUDR1f686goCYetPcPed8f 29871591692000000000000 1976025192 2
TF7ixydn7nfCgj9wQj3fRdKRAvsZ8egHcx 128935093345122180000000 211727450 1
TBGiw4RApqdA3Q5dmHCGi9WFpv7TAqGLJw 46342737 658404416417217458156236 0
TBGiw4RApqdA3Q5dmHCGi9WFpv7TAqGLJw 1449947338304608384544678 0 1
TXL6rJbvmjD46zeN1JssfgxvSo99qC8MRT 2168525402 2462053388340870250496 0
TXL6rJbvmjD46zeN1JssfgxvSo99qC8MRT 3954473789 4491760280009257779200 0
TXL6rJbvmjD46zeN1JssfgxvSo99qC8MRT 4191357873 4757346547742761025536 0
TXL6rJbvmjD46zeN1JssfgxvSo99qC8MRT 2168525402 2459872209555859439616 0
TXL6rJbvmjD46zeN1JssfgxvSo99qC8MRT 2986889751 3388897359860413759488 0
TP3prcvQknVthrVnn281cKST56eWiLgJJM 72314801598204034976931 1689388522 1
TXL6rJbvmjD46zeN1JssfgxvSo99qC8MRT 2168525402 2456620049086420090880 0
TXL6rJbvmjD46zeN1JssfgxvSo99qC8MRT 3264877360 3700922661965800144896 0
TP3prcvQknVthrVnn281cKST56eWiLgJJM 94881288929524754415616 2206616285 1
TP3prcvQknVthrVnn281cKST56eWiLgJJM 83501950514201047918394 1945831305 1
TP3prcvQknVthrVnn281cKST56eWiLgJJM 39700658477787322230773 922859491 1
TXL6rJbvmjD46zeN1JssfgxvSo99qC8MRT 1629805336 1846710126327756226560 0
TXL6rJbvmjD46zeN1JssfgxvSo99qC8MRT 2168525402 2454792430883399270400 0
TXL6rJbvmjD46zeN1JssfgxvSo99qC8MRT 3175237461 3593100671373615300608 0
TXL6rJbvmjD46zeN1JssfgxvSo99qC8MRT 2168525402 2451994227959742857216 0
TXL6rJbvmjD46zeN1JssfgxvSo99qC8MRT 2741701948474909500000 2437020694 2
TR7NHqjeKQxGTCi8q8ZY4pL8otSzgjLj6t TSSMHYeV2uE9qYH95DqyoCuNCzEL1NvU3S 274135422 15150097343077534400512 0
TXL6rJbvmjD46zeN1JssfgxvSo99qC8MRT 5680200000000000000000 5067188350 2
TXL6rJbvmjD46zeN1JssfgxvSo99qC8MRT 5969454653056320000000 5322632734 2
TXL6rJbvmjD46zeN1JssfgxvSo99qC8MRT 9676764400000000000000 8594066825 2
TXL6rJbvmjD46zeN1JssfgxvSo99qC8MRT 5476517267285340000000 4868595257 2
TXL6rJbvmjD46zeN1JssfgxvSo99qC8MRT 9772735346943677000000 8703034712 2
TXL6rJbvmjD46zeN1JssfgxvSo99qC8MRT 5186300000000001000000 4609779911 2
TXL6rJbvmjD46zeN1JssfgxvSo99qC8MRT 2906916846 3278473063829804154880 0
TXL6rJbvmjD46zeN1JssfgxvSo99qC8MRT 3667247859953879000000 3258890208 2
TXL6rJbvmjD46zeN1JssfgxvSo99qC8MRT 2168525402 2430742470673071341568 0
TXL6rJbvmjD46zeN1JssfgxvSo99qC8MRT 3275839582457790700000 2913310557 2
TXL6rJbvmjD46zeN1JssfgxvSo99qC8MRT 3767925564304736600000 3354075599 2
TXL6rJbvmjD46zeN1JssfgxvSo99qC8MRT 2168525402 2432011348727248191488 0
TR7NHqjeKQxGTCi8q8ZY4pL8otSzgjLj6t TSSMHYeV2uE9qYH95DqyoCuNCzEL1NvU3S 1802154889 0 0
TR7NHqjeKQxGTCi8q8ZY4pL8otSzgjLj6t TSSMHYeV2uE9qYH95DqyoCuNCzEL1NvU3S 94908275 5192550000 0
TR7NHqjeKQxGTCi8q8ZY4pL8otSzgjLj6t TSSMHYeV2uE9qYH95DqyoCuNCzEL1NvU3S 9979393 545985027 0
TR7NHqjeKQxGTCi8q8ZY4pL8otSzgjLj6t TSSMHYeV2uE9qYH95DqyoCuNCzEL1NvU3S 19958785 1091970000 0
TBGiw4RApqdA3Q5dmHCGi9WFpv7TAqGLJw 44000509 623710682253160863721795 0
TBGiw4RApqdA3Q5dmHCGi9WFpv7TAqGLJw 1415253604140551790110237 0 1
TXL6rJbvmjD46zeN1JssfgxvSo99qC8MRT 2455623377534551851008 2172792852 1
TXL6rJbvmjD46zeN1JssfgxvSo99qC8MRT 5076600000000000000000 4487218218 1
TXL6rJbvmjD46zeN1JssfgxvSo99qC8MRT 800000000000000000000 701571024 1
TXL6rJbvmjD46zeN1JssfgxvSo99qC8MRT 800000000000000000000 701571024 1
TXL6rJbvmjD46zeN1JssfgxvSo99qC8MRT 800000000000000000000 701570232 1
TXL6rJbvmjD46zeN1JssfgxvSo99qC8MRT 800000000000000000000 701570232 1
TXL6rJbvmjD46zeN1JssfgxvSo99qC8MRT 9369000000000000000000 8263557310 1
TXL6rJbvmjD46zeN1JssfgxvSo99qC8MRT 800000000000000000000 701570232 1
TXL6rJbvmjD46zeN1JssfgxvSo99qC8MRT 4820690779411614531584 4240183195 1
TXL6rJbvmjD46zeN1JssfgxvSo99qC8MRT 4827939172812822937600 4240849224 1
TXL6rJbvmjD46zeN1JssfgxvSo99qC8MRT 12596400000000000000000 11064582325 1
TXL6rJbvmjD46zeN1JssfgxvSo99qC8MRT 4833007717371593359360 4240363412 1
TP7r1pDoS1snMjEJE1kE17GRt3Df4mYuZz 1226751510 245697905514978442117363 0
TXL6rJbvmjD46zeN1JssfgxvSo99qC8MRT 2479104414235650162688 2173328184 1
TXL6rJbvmjD46zeN1JssfgxvSo99qC8MRT 2478929102627664822272 2172408586 1
TXL6rJbvmjD46zeN1JssfgxvSo99qC8MRT 11000309083703493999999 9568348996 1
TWG5VrJicAspqrNfii93AoqsJ7wnJRheex 15000000 2351905795039482990603 0
TBGiw4RApqdA3Q5dmHCGi9WFpv7TAqGLJw 37973842 539595131015526015155997 0
TBGiw4RApqdA3Q5dmHCGi9WFpv7TAqGLJw 608896317932543888902864 0 1
TLnVG3h2o5XHAbdP3MD578tMSBvUEskeST 178658442205508561213579 556307587 1
TLnVG3h2o5XHAbdP3MD578tMSBvUEskeST 116127987433580564788827 372338377 2
TLnVG3h2o5XHAbdP3MD578tMSBvUEskeST 62530454771927996424752 200370905 2
TF7ixydn7nfCgj9wQj3fRdKRAvsZ8egHcx 145148870 79319151879474870000000 0
TRJBN2ninnLKUUDR1f686goCYetPcPed8f 30813108159000000000000 1849261710 1
TN3W4H6rK2ce4vX9YnFQHwKENnHjoxb3m9 TR7NHqjeKQxGTCi8q8ZY4pL8otSzgjLj6t 393000 296429181 0
TXL6rJbvmjD46zeN1JssfgxvSo99qC8MRT 2488783238636363579392 2173072714 1
TR7NHqjeKQxGTCi8q8ZY4pL8otSzgjLj6t 4700000000 750329871 0
TBGiw4RApqdA3Q5dmHCGi9WFpv7TAqGLJw 37866356 538082114182852468054273 0
TBGiw4RApqdA3Q5dmHCGi9WFpv7TAqGLJw 598037128740133136404940 0 1
TXL6rJbvmjD46zeN1JssfgxvSo99qC8MRT 703260000 792000000000000000000 0
TXL6rJbvmjD46zeN1JssfgxvSo99qC8MRT 703260000 792000000000000000000 0
TXL6rJbvmjD46zeN1JssfgxvSo99qC8MRT 703260000 792000000000000000000 0
TXL6rJbvmjD46zeN1JssfgxvSo99qC8MRT 703260000 792000000000000000000 0
TXL6rJbvmjD46zeN1JssfgxvSo99qC8MRT 703260000 792000000000000000000 0
TXL6rJbvmjD46zeN1JssfgxvSo99qC8MRT 140000000000000000000 121212491 1
TN3W4H6rK2ce4vX9YnFQHwKENnHjoxb3m9 TR7NHqjeKQxGTCi8q8ZY4pL8otSzgjLj6t 1000000 752347676 0
TXL6rJbvmjD46zeN1JssfgxvSo99qC8MRT 4868522357505717698560 4246386468 1
TXL6rJbvmjD46zeN1JssfgxvSo99qC8MRT 800000000000000000000 692642808 1
TXL6rJbvmjD46zeN1JssfgxvSo99qC8MRT 2491363300933777227776 2172992142 1
TXL6rJbvmjD46zeN1JssfgxvSo99qC8MRT 702488000 792000000000000000000 0
TXL6rJbvmjD46zeN1JssfgxvSo99qC8MRT 3569304123 4062273151665375805440 0
TXL6rJbvmjD46zeN1JssfgxvSo99qC8MRT 2168525402 2465952194445124304896 0
TX5eXdf8458bZ77fk8xdvUgiQmC3L93iv7 9170000000000000000000 0 1
TBGiw4RApqdA3Q5dmHCGi9WFpv7TAqGLJw 46169600 655931461910559940997823 0
TBGiw4RApqdA3Q5dmHCGi9WFpv7TAqGLJw 1444531098942610149668102 0 1
TXL6rJbvmjD46zeN1JssfgxvSo99qC8MRT 2489926986700801703936 2172504235 1
TN3W4H6rK2ce4vX9YnFQHwKENnHjoxb3m9 TR7NHqjeKQxGTCi8q8ZY4pL8otSzgjLj6t 1000000 750662167 0
TXL6rJbvmjD46zeN1JssfgxvSo99qC8MRT 800000000000000000000 691311456 1
TXL6rJbvmjD46zeN1JssfgxvSo99qC8MRT 2498393889642373447680 2176088507 1
TXL6rJbvmjD46zeN1JssfgxvSo99qC8MRT 800000000000000000000 691311456 1
TXL6rJbvmjD46zeN1JssfgxvSo99qC8MRT 800000000000000000000 691311456 1
TXL6rJbvmjD46zeN1JssfgxvSo99qC8MRT 800000000000000000000 691311456 1
TXL6rJbvmjD46zeN1JssfgxvSo99qC8MRT 800000000000000000000 691311456 1
TJ9mxWPmQSJswqMakEehFWcAntg73odiAq 22000000000000000000000 49693713 1
TXL6rJbvmjD46zeN1JssfgxvSo99qC8MRT 701462400 792000000000000000000 0
TXL6rJbvmjD46zeN1JssfgxvSo99qC8MRT 701462400 792000000000000000000 0
TXL6rJbvmjD46zeN1JssfgxvSo99qC8MRT 701462400 792000000000000000000 0
TLnVG3h2o5XHAbdP3MD578tMSBvUEskeST 195513924282565361895827 627430923 2
TLnVG3h2o5XHAbdP3MD578tMSBvUEskeST 54908130495515656234823 171208537 1
TLnVG3h2o5XHAbdP3MD578tMSBvUEskeST 141192335559897401746691 439832095 1
TXL6rJbvmjD46zeN1JssfgxvSo99qC8MRT 701462400 792000000000000000000 0
TXL6rJbvmjD46zeN1JssfgxvSo99qC8MRT 701462400 792000000000000000000 0
TXL6rJbvmjD46zeN1JssfgxvSo99qC8MRT 2168525402 2468037021465704398848 0
TXL6rJbvmjD46zeN1JssfgxvSo99qC8MRT 2168525402 2466309768081338007552 0
TXL6rJbvmjD46zeN1JssfgxvSo99qC8MRT 2168525402 2464747777353466249216 0
TXL6rJbvmjD46zeN1JssfgxvSo99qC8MRT 1842343816 2095736975157937569792 0
TXL6rJbvmjD46zeN1JssfgxvSo99qC8MRT 5000000000 5566934620019128409584 0
TBGiw4RApqdA3Q5dmHCGi9WFpv7TAqGLJw 46337244 656785365700398750875786 0
TBGiw4RApqdA3Q5dmHCGi9WFpv7TAqGLJw 2175146520177336460519161 0 1
TXL6rJbvmjD46zeN1JssfgxvSo99qC8MRT 5410250000000000000 4950000 2
TEfg1LnM3yApCjAgax35wDg6SRpmZFuQS3 36043756068000000000000 86859526 1
TXL6rJbvmjD46zeN1JssfgxvSo99qC8MRT 2168525402 2459092150221992886272 0
TXL6rJbvmjD46zeN1JssfgxvSo99qC8MRT 2246173026 2549487494962857639936 0
TXL6rJbvmjD46zeN1JssfgxvSo99qC8MRT 1740911359 1974938999706157580288 0
TXL6rJbvmjD46zeN1JssfgxvSo99qC8MRT 2168525402 2456748942371275669504 0
TXL6rJbvmjD46zeN1JssfgxvSo99qC8MRT 2168525402 2455239055222444130304 0
TF7ixydn7nfCgj9wQj3fRdKRAvsZ8egHcx 131499294893145180000000 215803900 1
TXL6rJbvmjD46zeN1JssfgxvSo99qC8MRT 2375280046 2689514342612530626560 0
TXL6rJbvmjD46zeN1JssfgxvSo99qC8MRT 3388698407 3833966089363092668416 0
TXL6rJbvmjD46zeN1JssfgxvSo99qC8MRT 2168525402 2451983258685160816640 0
TP3prcvQknVthrVnn281cKST56eWiLgJJM 24186006176535936886581 561578977 1
TPYmHEhy5n8TCEfYGqW2rPxsghSfzghPDn 297128634 47390678828509304118 0
TP7r1pDoS1snMjEJE1kE17GRt3Df4mYuZz 70000000000000000000000 324230201 1
TP7r1pDoS1snMjEJE1kE17GRt3Df4mYuZz 70000000000000000000000 324230201 1
TXL6rJbvmjD46zeN1JssfgxvSo99qC8MRT 3091800000000000000000 2713530062 1
TXL6rJbvmjD46zeN1JssfgxvSo99qC8MRT 800000000000000000000 696037320 1
TXL6rJbvmjD46zeN1JssfgxvSo99qC8MRT 800000000000000000000 696037320 1
TXL6rJbvmjD46zeN1JssfgxvSo99qC8MRT 9571225860225009451008 8382522557 1
TXL6rJbvmjD46zeN1JssfgxvSo99qC8MRT 18998590091908372999999 16549113475 1
TXL6rJbvmjD46zeN1JssfgxvSo99qC8MRT 1600000000000000000000 1392074640 1
TXL6rJbvmjD46zeN1JssfgxvSo99qC8MRT 6751054700000000000000 5889900877 1
TXL6rJbvmjD46zeN1JssfgxvSo99qC8MRT 1600000000000000000000 1392074640 1
TXL6rJbvmjD46zeN1JssfgxvSo99qC8MRT 13192147316236280000000 11499859191 1
TBGiw4RApqdA3Q5dmHCGi9WFpv7TAqGLJw 48717474 688878175931880457823405 0
TBGiw4RApqdA3Q5dmHCGi9WFpv7TAqGLJw 2207239330408818167466780 0 1
TX5eXdf8458bZ77fk8xdvUgiQmC3L93iv7 185001371268310699999999 3452449063 1
TP7r1pDoS1snMjEJE1kE17GRt3Df4mYuZz 1479068946325995340000000 7150000000 2
TP7r1pDoS1snMjEJE1kE17GRt3Df4mYuZz 1778170118 354519252371729950407056 0
TP7r1pDoS1snMjEJE1kE17GRt3Df4mYuZz 1479068946325995340000000 7156000000 1
TP7r1pDoS1snMjEJE1kE17GRt3Df4mYuZz 1471495234433104969299478 7112680472 2
TP7r1pDoS1snMjEJE1kE17GRt3Df4mYuZz 1949001144498237177865086 9479254347 1
TP7r1pDoS1snMjEJE1kE17GRt3Df4mYuZz 1479068946325995340000000 7156000000 1
TP7r1pDoS1snMjEJE1kE17GRt3Df4mYuZz 1952968892960369481561260 9500000001 2
TP7r1pDoS1snMjEJE1kE17GRt3Df4mYuZz 1479068946325995340000000 7156000000 1
TP7r1pDoS1snMjEJE1kE17GRt3Df4mYuZz 1949001144498237177865086 9480202368 2
TP7r1pDoS1snMjEJE1kE17GRt3Df4mYuZz 1952968892960369481561260 9500000000 1
TXL6rJbvmjD46zeN1JssfgxvSo99qC8MRT 10581600000000000000000 9179864256 1
TP7r1pDoS1snMjEJE1kE17GRt3Df4mYuZz 1949001144498237177865086 9480202368 1
TP7r1pDoS1snMjEJE1kE17GRt3Df4mYuZz 1471495234433104969299478 7112680472 1
TXL6rJbvmjD46zeN1JssfgxvSo99qC8MRT 2521977230148436492288 2184446145 1
TP7r1pDoS1snMjEJE1kE17GRt3Df4mYuZz 1479068946325995340000000 6792500000 1
TP7r1pDoS1snMjEJE1kE17GRt3Df4mYuZz 1949001144498237177865086 6636141657 1
TXL6rJbvmjD46zeN1JssfgxvSo99qC8MRT 15189600000000000000000 13089255702 1
TXL6rJbvmjD46zeN1JssfgxvSo99qC8MRT 2514488358485343338496 2171218156 1
TXL6rJbvmjD46zeN1JssfgxvSo99qC8MRT 18674532934072052000000 16000601572 1
TXL6rJbvmjD46zeN1JssfgxvSo99qC8MRT 4031816021471701000000 3444564467 1
TXL6rJbvmjD46zeN1JssfgxvSo99qC8MRT 691804800 792000000000000000000 0
TXL6rJbvmjD46zeN1JssfgxvSo99qC8MRT 691804800 792000000000000000000 0
TXL6rJbvmjD46zeN1JssfgxvSo99qC8MRT 691804800 792000000000000000000 0
TXL6rJbvmjD46zeN1JssfgxvSo99qC8MRT 691804800 792000000000000000000 0
TXL6rJbvmjD46zeN1JssfgxvSo99qC8MRT 691804800 792000000000000000000 0
TXL6rJbvmjD46zeN1JssfgxvSo99qC8MRT 692228000 792000000000000000000 0
TRJBN2ninnLKUUDR1f686goCYetPcPed8f 28727497352000000000000 1719223286 1
TXL6rJbvmjD46zeN1JssfgxvSo99qC8MRT 2693106047 3109230360836140695552 0
TXL6rJbvmjD46zeN1JssfgxvSo99qC8MRT 4185029062 4826296886745683197952 0
TXL6rJbvmjD46zeN1JssfgxvSo99qC8MRT 2167182662 2497158684159924240384 0
TXL6rJbvmjD46zeN1JssfgxvSo99qC8MRT 6568340289 7558211523178355752960 0
TAt4ufXFaHZAEV44ev7onThjTnF61SEaEM 497453855000000000000 204506222 1
TXL6rJbvmjD46zeN1JssfgxvSo99qC8MRT 4227607558 4858937955073130496000 0
TXL6rJbvmjD46zeN1JssfgxvSo99qC8MRT 2815159895 3235197475943319339008 0
TP7r1pDoS1snMjEJE1kE17GRt3Df4mYuZz 71299000000000000000000 330241474 1
TWG5VrJicAspqrNfii93AoqsJ7wnJRheex 300000000000000000000 1845270 1
TP3prcvQknVthrVnn281cKST56eWiLgJJM 1192064873000000000000 27126746 1
TLnVG3h2o5XHAbdP3MD578tMSBvUEskeST 121564134521052871182928 389796287 2
TLnVG3h2o5XHAbdP3MD578tMSBvUEskeST 155851454514170347670420 485418760 1
TLnVG3h2o5XHAbdP3MD578tMSBvUEskeST 34287319993117476487492 109836324 2
TF7ixydn7nfCgj9wQj3fRdKRAvsZ8egHcx 161201715 88142357112911940000000 0
TSig7sWzEL2K83mkJMQtbyPpiVSbR6pZnb 496124031 15852017151387764914000 0
TXL6rJbvmjD46zeN1JssfgxvSo99qC8MRT 3236805612 3716451696486032343040 0
TXL6rJbvmjD46zeN1JssfgxvSo99qC8MRT 2167182662 2486704748211822133248 0
TXL6rJbvmjD46zeN1JssfgxvSo99qC8MRT 2167182662 2484632027833283117056 0
TXL6rJbvmjD46zeN1JssfgxvSo99qC8MRT 10000000 11354500109530783885 0
TXL6rJbvmjD46zeN1JssfgxvSo99qC8MRT 280000000000000000000 240047161 1
TXL6rJbvmjD46zeN1JssfgxvSo99qC8MRT 2510662277936961290240 2172430480 1
TXL6rJbvmjD46zeN1JssfgxvSo99qC8MRT 800000000000000000000 685799136 1
TXL6rJbvmjD46zeN1JssfgxvSo99qC8MRT 800000000000000000000 685799136 1
TXL6rJbvmjD46zeN1JssfgxvSo99qC8MRT 18108974432789176000000 15544188701 1
TXL6rJbvmjD46zeN1JssfgxvSo99qC8MRT 4906698732275509493760 4239432645 1
TXL6rJbvmjD46zeN1JssfgxvSo99qC8MRT 800000000000000000000 685799136 1
TXL6rJbvmjD46zeN1JssfgxvSo99qC8MRT 800000000000000000000 685799136 1
TXL6rJbvmjD46zeN1JssfgxvSo99qC8MRT 693255200 792000000000000000000 0
TXL6rJbvmjD46zeN1JssfgxvSo99qC8MRT 693255200 792000000000000000000 0
TXL6rJbvmjD46zeN1JssfgxvSo99qC8MRT 693255200 792000000000000000000 0
TXL6rJbvmjD46zeN1JssfgxvSo99qC8MRT 693255200 792000000000000000000 0
TXL6rJbvmjD46zeN1JssfgxvSo99qC8MRT 693255200 792000000000000000000 0
TXL6rJbvmjD46zeN1JssfgxvSo99qC8MRT 3067123147 3534091379743231311872 0
TXL6rJbvmjD46zeN1JssfgxvSo99qC8MRT 2167182662 2495803418449920131072 0
TXL6rJbvmjD46zeN1JssfgxvSo99qC8MRT 4227607558 4857928404043540987904 0
TXL6rJbvmjD46zeN1JssfgxvSo99qC8MRT 6362976647 7321151703994751516672 0
TXL6rJbvmjD46zeN1JssfgxvSo99qC8MRT 4798808150 5515761440793721569280 0
TXL6rJbvmjD46zeN1JssfgxvSo99qC8MRT 5000000000 5651289672879462395524 0
TRHsKfoPJxFHnJ4wJ8Zc9nmSNAyaNYqff7 261383778000000000000 2102932 1
TXL6rJbvmjD46zeN1JssfgxvSo99qC8MRT 2510027770294474113024 2171978582 1
TX5eXdf8458bZ77fk8xdvUgiQmC3L93iv7 87830228086126799999999 1630560150 1
TXL6rJbvmjD46zeN1JssfgxvSo99qC8MRT 800000000000000000000 686222064 1
TXL6rJbvmjD46zeN1JssfgxvSo99qC8MRT 800000000000000000000 686222064 1
TXL6rJbvmjD46zeN1JssfgxvSo99qC8MRT 4909085677864317091840 4240605395 1
TXL6rJbvmjD46zeN1JssfgxvSo99qC8MRT 800000000000000000000 685782504 1
TXL6rJbvmjD46zeN1JssfgxvSo99qC8MRT 800000000000000000000 685782504 1
TXL6rJbvmjD46zeN1JssfgxvSo99qC8MRT 800000000000000000000 685782504 1
TP7r1pDoS1snMjEJE1kE17GRt3Df4mYuZz 100000000000000000000000 463007480 1
TXL6rJbvmjD46zeN1JssfgxvSo99qC8MRT 695429600 792000000000000000000 0
TP7r1pDoS1snMjEJE1kE17GRt3Df4mYuZz 1475832795284714120000000 7170000000 2
TP7r1pDoS1snMjEJE1kE17GRt3Df4mYuZz 1475832795284714120000000 7176000000 1
TP7r1pDoS1snMjEJE1kE17GRt3Df4mYuZz 1578896824 313398249559208484517960 0
TP7r1pDoS1snMjEJE1kE17GRt3Df4mYuZz 1475832795284714120000000 7176000000 1
TXL6rJbvmjD46zeN1JssfgxvSo99qC8MRT 800000000000000000000 684367992 1
TP7r1pDoS1snMjEJE1kE17GRt3Df4mYuZz 1475832795284714120000000 7176000000 1
TP7r1pDoS1snMjEJE1kE17GRt3Df4mYuZz 1943766392970741892589796 9500918275 1
TP7r1pDoS1snMjEJE1kE17GRt3Df4mYuZz 1943766392970741892589796 9501868462 2
TP7r1pDoS1snMjEJE1kE17GRt3Df4mYuZz 1943766392970741892589796 9501868462 2
TP7r1pDoS1snMjEJE1kE17GRt3Df4mYuZz 1943766392970741892589796 9501868462 1
TP7r1pDoS1snMjEJE1kE17GRt3Df4mYuZz 1475832795284714120000000 6811500000 1
TXL6rJbvmjD46zeN1JssfgxvSo99qC8MRT 390000000000000000000 333629396 1
TXL6rJbvmjD46zeN1JssfgxvSo99qC8MRT 410000000000000000000 350738596 1
TP7r1pDoS1snMjEJE1kE17GRt3Df4mYuZz 1943766392970741892589796 6651307923 1
TXL6rJbvmjD46zeN1JssfgxvSo99qC8MRT 2517048278106279772160 2171858437 1
TXL6rJbvmjD46zeN1JssfgxvSo99qC8MRT 2519798416126707236864 2172688629 1
TP7r1pDoS1snMjEJE1kE17GRt3Df4mYuZz 62917000000000000000000 294354948 1
TXL6rJbvmjD46zeN1JssfgxvSo99qC8MRT 694397600 792000000000000000000 0
TXL6rJbvmjD46zeN1JssfgxvSo99qC8MRT 694397600 792000000000000000000 0
TXL6rJbvmjD46zeN1JssfgxvSo99qC8MRT 694397600 792000000000000000000 0
TXL6rJbvmjD46zeN1JssfgxvSo99qC8MRT 694823200 792000000000000000000 0
TXL6rJbvmjD46zeN1JssfgxvSo99qC8MRT 694823200 792000000000000000000 0
TXL6rJbvmjD46zeN1JssfgxvSo99qC8MRT 694823200 792000000000000000000 0
TXL6rJbvmjD46zeN1JssfgxvSo99qC8MRT 2168525402 2492253756934227230720 0
TXL6rJbvmjD46zeN1JssfgxvSo99qC8MRT 3374467079 3882824959752131313664 0
TPeoxx1VhUMnAUyjwWfximDYFDQaxNQQ45 3091000000 58234161420638737423676 0
TXL6rJbvmjD46zeN1JssfgxvSo99qC8MRT 2465074909 2833452851893205729280 0
TXL6rJbvmjD46zeN1JssfgxvSo99qC8MRT 2168525402 2489527253665887813632 0
TRJBN2ninnLKUUDR1f686goCYetPcPed8f 25418148991000000000000 1676874026 2
TXL6rJbvmjD46zeN1JssfgxvSo99qC8MRT 3215390337 3690674357846093070336 0
TXL6rJbvmjD46zeN1JssfgxvSo99qC8MRT 2168525402 2484610534046373511168 0
TP7r1pDoS1snMjEJE1kE17GRt3Df4mYuZz 340000000 69370326289102242142041 0
TF7ixydn7nfCgj9wQj3fRdKRAvsZ8egHcx 121657209643919300000000 199561750 1
TXL6rJbvmjD46zeN1JssfgxvSo99qC8MRT 8612400000000000000000 7450941145 1
TXL6rJbvmjD46zeN1JssfgxvSo99qC8MRT 6125670126443274000000 5271522547 1
TXL6rJbvmjD46zeN1JssfgxvSo99qC8MRT 4909191426032598515712 4239323944 1
TXL6rJbvmjD46zeN1JssfgxvSo99qC8MRT 270000000000000000000 231694304 1
TXL6rJbvmjD46zeN1JssfgxvSo99qC8MRT 20000000000000000000 17162541 1
TXL6rJbvmjD46zeN1JssfgxvSo99qC8MRT 60000000000000000000 51487623 1
TLnVG3h2o5XHAbdP3MD578tMSBvUEskeST 198793768623031936319372 637986216 2
TLnVG3h2o5XHAbdP3MD578tMSBvUEskeST 115646286958762598634431 360358050 1
TLnVG3h2o5XHAbdP3MD578tMSBvUEskeST 83743862970138433493899 261040691 1
TXL6rJbvmjD46zeN1JssfgxvSo99qC8MRT 7187516339255099000000 6153058303 1
TP7r1pDoS1snMjEJE1kE17GRt3Df4mYuZz 80000000000000000000000 374272867 1
TAbkLGngV1k8bNb5hnqW7oX46FG4Dbs5e2 313735654563178042359808 598475334 1
TPUZseUsV89tM157aLfkuKYEaRKzBirmRb 156598570500502008000000 1000000000 2
TPUZseUsV89tM157aLfkuKYEaRKzBirmRb 156598570500502008000000 1006000000 1
TPUZseUsV89tM157aLfkuKYEaRKzBirmRb 5072000000 782303766627546678708086 0
TPUZseUsV89tM157aLfkuKYEaRKzBirmRb 155452471992215742730164 992663022 2
TPUZseUsV89tM157aLfkuKYEaRKzBirmRb 1000435577 156509943404061279714165 0
TPUZseUsV89tM157aLfkuKYEaRKzBirmRb 156598570500502008000000 1006000000 1
TP7r1pDoS1snMjEJE1kE17GRt3Df4mYuZz 85000000000000000000000 3937492848 1
TPUZseUsV89tM157aLfkuKYEaRKzBirmRb 156598570500502008000000 1006000000 1
TPUZseUsV89tM157aLfkuKYEaRKzBirmRb 155452471992215742730164 992663022 1
TPUZseUsV89tM157aLfkuKYEaRKzBirmRb 155452471992215742730164 992563755 1
TPUZseUsV89tM157aLfkuKYEaRKzBirmRb 155452471992215742730164 694864115 1
TPUZseUsV89tM157aLfkuKYEaRKzBirmRb 156598570500502008000000 950000000 1
TAbkLGngV1k8bNb5hnqW7oX46FG4Dbs5e2 197083144 98822079666777053200384 0
TP3prcvQknVthrVnn281cKST56eWiLgJJM 66200762374355142190162 1535350456 1
TP7r1pDoS1snMjEJE1kE17GRt3Df4mYuZz 10000000000000000000000 46826441 1
TXL6rJbvmjD46zeN1JssfgxvSo99qC8MRT 800000000000000000000 681764688 1
TXL6rJbvmjD46zeN1JssfgxvSo99qC8MRT 800000000000000000000 681764688 1
TXL6rJbvmjD46zeN1JssfgxvSo99qC8MRT 4936311346315349983232 4241304406 1
TXL6rJbvmjD46zeN1JssfgxvSo99qC8MRT 7318340000000000000000 6257390229 1
TXL6rJbvmjD46zeN1JssfgxvSo99qC8MRT 800000000000000000000 681764688 1
TXL6rJbvmjD46zeN1JssfgxvSo99qC8MRT 2532561505065121611776 2172457896 1
TR7NHqjeKQxGTCi8q8ZY4pL8otSzgjLj6t 50000000 308220459 1
TXL6rJbvmjD46zeN1JssfgxvSo99qC8MRT 2534437893555392872448 2172584920 1
TXL6rJbvmjD46zeN1JssfgxvSo99qC8MRT 4657400810850129300000 3966175108 1
TF7ixydn7nfCgj9wQj3fRdKRAvsZ8egHcx 120132857305272570000000 196743100 1
TXL6rJbvmjD46zeN1JssfgxvSo99qC8MRT 689516000 792000000000000000000 0
TXL6rJbvmjD46zeN1JssfgxvSo99qC8MRT 689516000 792000000000000000000 0
TXL6rJbvmjD46zeN1JssfgxvSo99qC8MRT 689796800 792000000000000000000 0
TXL6rJbvmjD46zeN1JssfgxvSo99qC8MRT 2538505145778936741888 2173091217 1
TXL6rJbvmjD46zeN1JssfgxvSo99qC8MRT 87614850 99137805527988569316 0
TE2T2vLnEQT1XW647EAQAHWqd6NZL1hweR 30000000000000000000000 371474276 2
TX5eXdf8458bZ77fk8xdvUgiQmC3L93iv7 9301000000000000000000 0 1
TRJBN2ninnLKUUDR1f686goCYetPcPed8f 30283778250000000000000 2002541202 2
TLnVG3h2o5XHAbdP3MD578tMSBvUEskeST 95614298300492573356967 306503001 2
TLnVG3h2o5XHAbdP3MD578tMSBvUEskeST 143421447450738860035451 459998100 2
TLnVG3h2o5XHAbdP3MD578tMSBvUEskeST 239035745751231433392418 743832888 1
TXL6rJbvmjD46zeN1JssfgxvSo99qC8MRT 100000000 113712470688736032612 0
TP7r1pDoS1snMjEJE1kE17GRt3Df4mYuZz 82070000000000000000000 383054125 1
TMEvVHCUngZ6JfuvnH74cX8UFw1KedAuhR 120000000 6024407768869676134675 0
TXL6rJbvmjD46zeN1JssfgxvSo99qC8MRT 2168525402 2513182260158296227840 0
TXL6rJbvmjD46zeN1JssfgxvSo99qC8MRT 3655784334 4236426308460194824192 0
TXL6rJbvmjD46zeN1JssfgxvSo99qC8MRT 2169869807 2512703619676699623424 0
TGoMhQZ5yA1X2gQSCKeRHk6wY3fXce3yWA 128908000000000000000000 85256292 1
TX5eXdf8458bZ77fk8xdvUgiQmC3L93iv7 9651000000000000000000 0 1
TNKVisXKe2UiKZnw1xfqiLEsmEZpSZgoTR 24385848327183000000000000 2030351873 1
TMLqs38uZj5VhyVNjfVpiG88WXzFtv5P75 50000000 1065192454338588338677941 0
TLnVG3h2o5XHAbdP3MD578tMSBvUEskeST 98852665167958682705254 308090428 1
TLnVG3h2o5XHAbdP3MD578tMSBvUEskeST 131037253827294067772082 408254139 1
TLnVG3h2o5XHAbdP3MD578tMSBvUEskeST 229202312059075523905620 735835798 2
TGoMhQZ5yA1X2gQSCKeRHk6wY3fXce3yWA 316000000 459470585949103600000000 0
TF7ixydn7nfCgj9wQj3fRdKRAvsZ8egHcx 382277768 219172799878291395525877 0
TF7ixydn7nfCgj9wQj3fRdKRAvsZ8egHcx 420505544 242023598875277625400493 0
TF7ixydn7nfCgj9wQj3fRdKRAvsZ8egHcx 123015873196085140000000 201732500 1
TR7NHqjeKQxGTCi8q8ZY4pL8otSzgjLj6t 6979000 38814514 1
TX5eXdf8458bZ77fk8xdvUgiQmC3L93iv7 208000000 1 0
TRJBN2ninnLKUUDR1f686goCYetPcPed8f 32432918430000000000000 1945819027 1
TP3prcvQknVthrVnn281cKST56eWiLgJJM 475669716 20196990000000000000000 0
TP3prcvQknVthrVnn281cKST56eWiLgJJM 469769685 19933650000000000000000 0
TT5ioiNzfGbyNc8mRvHmNLPxShgPsDaUoz 902326685 2328186035599497626120544 0
TT5ioiNzfGbyNc8mRvHmNLPxShgPsDaUoz 1656681965585359579236434 653154980 1
TT5ioiNzfGbyNc8mRvHmNLPxShgPsDaUoz 1656681965585359579236434 653154980 1
TT5ioiNzfGbyNc8mRvHmNLPxShgPsDaUoz 2312591757284334597310867 895316525 2
TT5ioiNzfGbyNc8mRvHmNLPxShgPsDaUoz 1000000000 2528373693161502561417804 0
TT5ioiNzfGbyNc8mRvHmNLPxShgPsDaUoz 2324567590765538530000000 900000000 2
TT5ioiNzfGbyNc8mRvHmNLPxShgPsDaUoz 2324567590765538530000000 906000000 1
TT5ioiNzfGbyNc8mRvHmNLPxShgPsDaUoz 2324567590765538530000000 906000000 1
TT5ioiNzfGbyNc8mRvHmNLPxShgPsDaUoz 2312591757284334597310867 895316525 1
TT5ioiNzfGbyNc8mRvHmNLPxShgPsDaUoz 2312591757284334597310867 895226993 1
TT5ioiNzfGbyNc8mRvHmNLPxShgPsDaUoz 2312591757284334597310867 626721567 1
TT5ioiNzfGbyNc8mRvHmNLPxShgPsDaUoz 2324567590765538530000000 906000000 1
TT5ioiNzfGbyNc8mRvHmNLPxShgPsDaUoz 1656681965585359579236434 653154980 1
TT5ioiNzfGbyNc8mRvHmNLPxShgPsDaUoz 2324567590765538530000000 855000000 1
TP3prcvQknVthrVnn281cKST56eWiLgJJM 470071710 19933650000000000000000 0
TP3prcvQknVthrVnn281cKST56eWiLgJJM 476281746 20196990000000000000000 0
TSig7sWzEL2K83mkJMQtbyPpiVSbR6pZnb 840000000 27222674432483729106271 0
TAwAg9wtQzTMFsijnSFotJrpxhMm3AqW1d 13752690000000000000000 266135593 1
TP3prcvQknVthrVnn281cKST56eWiLgJJM 55516101553612747400452 1288123552 1
TXL6rJbvmjD46zeN1JssfgxvSo99qC8MRT 2169869807 2511537286800578445312 0
TP3prcvQknVthrVnn281cKST56eWiLgJJM 95235105120837804490752 2202847927 1
TP3prcvQknVthrVnn281cKST56eWiLgJJM 20135000000000000000000 462799552 1
TP3prcvQknVthrVnn281cKST56eWiLgJJM 20135000000000000000000 462799552 1
TGoMhQZ5yA1X2gQSCKeRHk6wY3fXce3yWA 229406000000000000000000 152243346 1
TP3prcvQknVthrVnn281cKST56eWiLgJJM 79227764625287852401455 1827491986 1
TP3prcvQknVthrVnn281cKST56eWiLgJJM 50553168044138621434548 1165880587 1
TXL6rJbvmjD46zeN1JssfgxvSo99qC8MRT 2169869807 2509596125241576783872 0
TF7ixydn7nfCgj9wQj3fRdKRAvsZ8egHcx 149406817771540720000000 244565150 1
TLnVG3h2o5XHAbdP3MD578tMSBvUEskeST 228187362533597198503334 732569158 2
TLnVG3h2o5XHAbdP3MD578tMSBvUEskeST 162499066481050572970180 506099858 1
TLnVG3h2o5XHAbdP3MD578tMSBvUEskeST 66372858140147417128664 206935901 1
TP3prcvQknVthrVnn281cKST56eWiLgJJM 70633030350534509149786 1625908321 1
TXL6rJbvmjD46zeN1JssfgxvSo99qC8MRT 13409316000000000000 9626235 1
TP3prcvQknVthrVnn281cKST56eWiLgJJM 96220173535791682682880 2205665985 1
TP3prcvQknVthrVnn281cKST56eWiLgJJM 20401000000000000000000 465318453 1
TP3prcvQknVthrVnn281cKST56eWiLgJJM 15275950000000000000000 348423186 1
TP3prcvQknVthrVnn281cKST56eWiLgJJM 5125050000000000000000 116895267 1
TMwk13CthNktLiNpo8WDRuUMpyrzZTVZYH 150005700000000000000000 83442808 2
TXL6rJbvmjD46zeN1JssfgxvSo99qC8MRT 2532576346939160264704 2172609443 1
TXL6rJbvmjD46zeN1JssfgxvSo99qC8MRT 2534395365677045121024 2172706971 1
TR7NHqjeKQxGTCi8q8ZY4pL8otSzgjLj6t TH5ydFhBnLV4ZHF2bgBVaTBfX8LY17kj9W 700000000 2109555073 0
TRJBN2ninnLKUUDR1f686goCYetPcPed8f 32538610869000000000000 2151237908 2
TMwk13CthNktLiNpo8WDRuUMpyrzZTVZYH 10000000000000000000 5567 2
TWG5VrJicAspqrNfii93AoqsJ7wnJRheex 12600000 1975469151808080553272 0
TGoMhQZ5yA1X2gQSCKeRHk6wY3fXce3yWA 298000000 432256862208423900000000 0
TLo4GrsWoKJRy3TDmSopq54zLV3AmwD92A 1169460441975000000000000 293848582 1
TLnVG3h2o5XHAbdP3MD578tMSBvUEskeST 193509458872552798340701 602475339 1
TLnVG3h2o5XHAbdP3MD578tMSBvUEskeST 61108250170279831054957 190533080 1
TLnVG3h2o5XHAbdP3MD578tMSBvUEskeST 253856140620969720234954 815207937 2
TF7ixydn7nfCgj9wQj3fRdKRAvsZ8egHcx 125980997663591900000000 205840299 1
TSig7sWzEL2K83mkJMQtbyPpiVSbR6pZnb 506435700 16148622325940736156000 0
TTo4Fpv8kD6jpkMRAFkX61F19kX5A9hFkR 101000000 141380272458198090561148 0
TDnXXUXH37zEojEfrvYziS6yKSpYmkdjHE 24777595604000000000000 485570401 1
TXL6rJbvmjD46zeN1JssfgxvSo99qC8MRT 6747600000000000000000 5782475505 1
TXL6rJbvmjD46zeN1JssfgxvSo99qC8MRT 800000000000000000000 679284936 1
TXL6rJbvmjD46zeN1JssfgxvSo99qC8MRT 690267200 792000000000000000000 0
TXL6rJbvmjD46zeN1JssfgxvSo99qC8MRT 800000000000000000000 679284936 1
TXL6rJbvmjD46zeN1JssfgxvSo99qC8MRT 800000000000000000000 679284936 1
TP3prcvQknVthrVnn281cKST56eWiLgJJM 28483636824296414919731 651687442 1
TAwAg9wtQzTMFsijnSFotJrpxhMm3AqW1d 27033000000000000000000 522728470 1
TAwAg9wtQzTMFsijnSFotJrpxhMm3AqW1d 27033000000000000000000 522728470 1
TAwAg9wtQzTMFsijnSFotJrpxhMm3AqW1d 118387649615013874318278 2308256636 1
TAwAg9wtQzTMFsijnSFotJrpxhMm3AqW1d 88741065853871586345133 1728178252 1
TXL6rJbvmjD46zeN1JssfgxvSo99qC8MRT 800000000000000000000 679009320 1
TXL6rJbvmjD46zeN1JssfgxvSo99qC8MRT 800000000000000000000 679009320 1
TAwAg9wtQzTMFsijnSFotJrpxhMm3AqW1d 49287212761000000000000 914326850 1
TCxDsTm4nHDwNmY5MUQ4GFmSsbUqHnee2W 371669727074000000000000 299749348 1
TRJBN2ninnLKUUDR1f686goCYetPcPed8f 35873820759000000000000 2378854386 2
TXL6rJbvmjD46zeN1JssfgxvSo99qC8MRT 689848000 792000000000000000000 0
TXL6rJbvmjD46zeN1JssfgxvSo99qC8MRT 689848000 792000000000000000000 0
TLnVG3h2o5XHAbdP3MD578tMSBvUEskeST 147500442359388455136536 473109658 2
TLnVG3h2o5XHAbdP3MD578tMSBvUEskeST 210714917656269221623622 655918870 1
TLnVG3h2o5XHAbdP3MD578tMSBvUEskeST 63214475296880766487086 202572047 2
TF7ixydn7nfCgj9wQj3fRdKRAvsZ8egHcx 126872774 69684159961749320000000 0
TXL6rJbvmjD46zeN1JssfgxvSo99qC8MRT 690128800 792000000000000000000 0
TXL6rJbvmjD46zeN1JssfgxvSo99qC8MRT 690128800 792000000000000000000 0
TR7NHqjeKQxGTCi8q8ZY4pL8otSzgjLj6t 10000000 61637823 1
TXL6rJbvmjD46zeN1JssfgxvSo99qC8MRT 2168525402 2509152318463109758976 0
TXL6rJbvmjD46zeN1JssfgxvSo99qC8MRT 4231116906 4896419958421453799424 0
TXL6rJbvmjD46zeN1JssfgxvSo99qC8MRT 2168525402 2507293516411190640640 0
TXL6rJbvmjD46zeN1JssfgxvSo99qC8MRT 2823556672 3262111111740298100736 0
TXL6rJbvmjD46zeN1JssfgxvSo99qC8MRT 2168525402 2502704567804096937984 0
TP7r1pDoS1snMjEJE1kE17GRt3Df4mYuZz 1636063914362738612780428 8000000000 2
TP7r1pDoS1snMjEJE1kE17GRt3Df4mYuZz 1471560223726532100000000 7180000000 2
TP7r1pDoS1snMjEJE1kE17GRt3Df4mYuZz 1941096995791518257934958 9529970527 2
TP7r1pDoS1snMjEJE1kE17GRt3Df4mYuZz 1941096995791518257934958 9529017529 1
TP7r1pDoS1snMjEJE1kE17GRt3Df4mYuZz 2168257931 427856909152121982400450 0
TP7r1pDoS1snMjEJE1kE17GRt3Df4mYuZz 1471560223726532100000000 7186000000 1
TP7r1pDoS1snMjEJE1kE17GRt3Df4mYuZz 1471560223726532100000000 7186000000 1
TP7r1pDoS1snMjEJE1kE17GRt3Df4mYuZz 1471560223726532100000000 7186000000 1
TP7r1pDoS1snMjEJE1kE17GRt3Df4mYuZz 1955000042716602348390818 9600000000 1
TP7r1pDoS1snMjEJE1kE17GRt3Df4mYuZz 1941096995791518257934958 9529970527 1
TP7r1pDoS1snMjEJE1kE17GRt3Df4mYuZz 1636063914362738612780428 8000000000 1
TP7r1pDoS1snMjEJE1kE17GRt3Df4mYuZz 1471560223726532100000000 6821000000 1
TP7r1pDoS1snMjEJE1kE17GRt3Df4mYuZz 1941096995791518257934958 6670979368 1
TP7r1pDoS1snMjEJE1kE17GRt3Df4mYuZz 1955000042716602348390818 9600000001 2
TXL6rJbvmjD46zeN1JssfgxvSo99qC8MRT 2168525402 2500156122514275696640 0
TXL6rJbvmjD46zeN1JssfgxvSo99qC8MRT 2168525402 2498495948945507745792 0
TX5eXdf8458bZ77fk8xdvUgiQmC3L93iv7 9745000000000000000000 0 1
TXL6rJbvmjD46zeN1JssfgxvSo99qC8MRT 2761860622 3182112368632470700032 0
TUFonyWZ4Tza5MzgDj6g2u5rfdGoRVYG7g 1320000000 145516374539243629167445 0
TP7r1pDoS1snMjEJE1kE17GRt3Df4mYuZz 2000000000 410053737400045446097340 0
TXL6rJbvmjD46zeN1JssfgxvSo99qC8MRT 2824541560 3251659251184484483072 0
TXL6rJbvmjD46zeN1JssfgxvSo99qC8MRT 2167182662 2491080226361151848448 0
TXL6rJbvmjD46zeN1JssfgxvSo99qC8MRT 4895316095 5629087802792067727360 0
TXL6rJbvmjD46zeN1JssfgxvSo99qC8MRT 2167182662 2489349817934018510848 0
TXL6rJbvmjD46zeN1JssfgxvSo99qC8MRT 3209763588 3689508194627067838464 0
TXL6rJbvmjD46zeN1JssfgxvSo99qC8MRT 7868806254 9031890810917080793088 0
TF7ixydn7nfCgj9wQj3fRdKRAvsZ8egHcx 217121380 119094084639964170000000 0
TXL6rJbvmjD46zeN1JssfgxvSo99qC8MRT 2167182662 2481429895986531008512 0
TXL6rJbvmjD46zeN1JssfgxvSo99qC8MRT 3579106776 4101730848070333104128 0
TXL6rJbvmjD46zeN1JssfgxvSo99qC8MRT 4556053745 5217261400783762489344 0
TXL6rJbvmjD46zeN1JssfgxvSo99qC8MRT 5455800000000000000000 4792343040 2
TXL6rJbvmjD46zeN1JssfgxvSo99qC8MRT 2167182662 2476394243599777136640 0
TXL6rJbvmjD46zeN1JssfgxvSo99qC8MRT 3482010486 3977093699732113981440 0
TP7r1pDoS1snMjEJE1kE17GRt3Df4mYuZz 100000000000000000000000 466632812 1
TXL6rJbvmjD46zeN1JssfgxvSo99qC8MRT 2167182662 2471413543505670701056 0
TLnVG3h2o5XHAbdP3MD578tMSBvUEskeST 105226296764300127551010 327936482 1
TLnVG3h2o5XHAbdP3MD578tMSBvUEskeST 218565754329304020336926 701615029 2
TLnVG3h2o5XHAbdP3MD578tMSBvUEskeST 113995154827991804846926 355230199 1
TXL6rJbvmjD46zeN1JssfgxvSo99qC8MRT 4414381862 5032953105175087677440 0
TXL6rJbvmjD46zeN1JssfgxvSo99qC8MRT 3748178039 4268351770841933938688 0
TXL6rJbvmjD46zeN1JssfgxvSo99qC8MRT 2167182662 2466156948180039106560 0
TRJBN2ninnLKUUDR1f686goCYetPcPed8f 28001861391000000000000 1685573957 1
TXL6rJbvmjD46zeN1JssfgxvSo99qC8MRT 2167182662 2463878097798918832128 0
TXL6rJbvmjD46zeN1JssfgxvSo99qC8MRT 2981453544 3388614107778700541952 0
TXL6rJbvmjD46zeN1JssfgxvSo99qC8MRT 6288032454 7131939363940974198784 0
TJY1xdwaUK66rLkWsRX18Fuh6jc4sBn1BX 73000000 241087954919133936047456 0
TXL6rJbvmjD46zeN1JssfgxvSo99qC8MRT 2167182662 2455157191987664781312 0
TXL6rJbvmjD46zeN1JssfgxvSo99qC8MRT 4227607558 4785215139475618791424 0
TP7r1pDoS1snMjEJE1kE17GRt3Df4mYuZz 100000000000000000000000 466632812 1
TXL6rJbvmjD46zeN1JssfgxvSo99qC8MRT 2167182662 2450919054053628444672 0
TXL6rJbvmjD46zeN1JssfgxvSo99qC8MRT 2167182662 2449355374215698055168 0
TXL6rJbvmjD46zeN1JssfgxvSo99qC8MRT 2167182662 2447480036841638854656 0
TXL6rJbvmjD46zeN1JssfgxvSo99qC8MRT 2167182662 2446666219630077935616 0
TXL6rJbvmjD46zeN1JssfgxvSo99qC8MRT 8348457350 9406026521896180252672 0
TXL6rJbvmjD46zeN1JssfgxvSo99qC8MRT 4227607558 4756056581002373365760 0
TXL6rJbvmjD46zeN1JssfgxvSo99qC8MRT 4227607558 4748690480256999489536 0
TP7r1pDoS1snMjEJE1kE17GRt3Df4mYuZz 71051000000000000000000 336646428 1
TXL6rJbvmjD46zeN1JssfgxvSo99qC8MRT 6288032454 7051401377071349366784 0
TXL6rJbvmjD46zeN1JssfgxvSo99qC8MRT 2167182662 2428530316183840751616 0
TP3prcvQknVthrVnn281cKST56eWiLgJJM 112984431361763412906152 2577693190 1
TP3prcvQknVthrVnn281cKST56eWiLgJJM 97026627238459403665408 2209755601 1
TP3prcvQknVthrVnn281cKST56eWiLgJJM 97045678022398239047680 2205321241 1
TXL6rJbvmjD46zeN1JssfgxvSo99qC8MRT 2167182662 2426353189197599211520 0
TF7ixydn7nfCgj9wQj3fRdKRAvsZ8egHcx 129026092 70677849830421340000000 0
TF8R85GdSdHXist35qFyn4PYS9nLp8MGdC 92000000 358331781765367691520520 0
TXL6rJbvmjD46zeN1JssfgxvSo99qC8MRT 4227607558 4728426896341522710528 0
TXL6rJbvmjD46zeN1JssfgxvSo99qC8MRT 2167182662 2421742229075596935168 0
TXL6rJbvmjD46zeN1JssfgxvSo99qC8MRT 2167182662 2420814912104269086720 0
TXL6rJbvmjD46zeN1JssfgxvSo99qC8MRT 2831949873862803500000 2544783452 2
TP7r1pDoS1snMjEJE1kE17GRt3Df4mYuZz 80533000000000000000000 380821028 1
TP3prcvQknVthrVnn281cKST56eWiLgJJM 1770923106 77348613755595252563968 0
TP3prcvQknVthrVnn281cKST56eWiLgJJM 460547855 19933650000000000000000 0
TP3prcvQknVthrVnn281cKST56eWiLgJJM 466632073 20196990000000000000000 0
TXL6rJbvmjD46zeN1JssfgxvSo99qC8MRT 3880581704 4331070157571732013056 0
TP3prcvQknVthrVnn281cKST56eWiLgJJM 460547855 19933650000000000000000 0
TXL6rJbvmjD46zeN1JssfgxvSo99qC8MRT 1200000000 1204731626923782112488 0
TE2T2vLnEQT1XW647EAQAHWqd6NZL1hweR 30000000000000000000000 371430379 2
TP3prcvQknVthrVnn281cKST56eWiLgJJM 61688937 2658427181038610542800 0
TXL6rJbvmjD46zeN1JssfgxvSo99qC8MRT 800000000000000000000 705803472 1
TXL6rJbvmjD46zeN1JssfgxvSo99qC8MRT 2439954429090823405568 2171758645 1
TXL6rJbvmjD46zeN1JssfgxvSo99qC8MRT 800000000000000000000 705803472 1
TF7ixydn7nfCgj9wQj3fRdKRAvsZ8egHcx 159000000000000000000000 268464864 1
TXL6rJbvmjD46zeN1JssfgxvSo99qC8MRT 800000000000000000000 705066912 1
TXL6rJbvmjD46zeN1JssfgxvSo99qC8MRT 800000000000000000000 705069288 1
TXL6rJbvmjD46zeN1JssfgxvSo99qC8MRT 7096885800052941914112 6304369423 1
TP7r1pDoS1snMjEJE1kE17GRt3Df4mYuZz 141013795900000000000000 664903410 1
TXL6rJbvmjD46zeN1JssfgxvSo99qC8MRT 2447275233971223396352 2171373506 1
TXL6rJbvmjD46zeN1JssfgxvSo99qC8MRT 11421937585000000000000 9624851994 1
TLnVG3h2o5XHAbdP3MD578tMSBvUEskeST 93303717305129860660624 290818120 1
TLnVG3h2o5XHAbdP3MD578tMSBvUEskeST 166115434598222939504032 532934903 2
TLnVG3h2o5XHAbdP3MD578tMSBvUEskeST 73310063596887747661920 228550311 1
TXL6rJbvmjD46zeN1JssfgxvSo99qC8MRT 1338590696000000000000 1066181684 1
TP7r1pDoS1snMjEJE1kE17GRt3Df4mYuZz 63829976000000000000000 300168943 1
TPeoxx1VhUMnAUyjwWfximDYFDQaxNQQ45 1000000000 16945134328506556115460 0
TF7ixydn7nfCgj9wQj3fRdKRAvsZ8egHcx 138000277925118920000000 225427399 1
TRJBN2ninnLKUUDR1f686goCYetPcPed8f 30586756007000000000000 1836438124 1
TP7r1pDoS1snMjEJE1kE17GRt3Df4mYuZz 70000000000000000000000 328613545 1
TAz6oGWhsmHPp7Ap6khmAYxjfHFYokqdQ4 968788976013651001283 11833697 1
TE2T2vLnEQT1XW647EAQAHWqd6NZL1hweR 30000000000000000000000 373113807 2
TP7r1pDoS1snMjEJE1kE17GRt3Df4mYuZz 50000000000000000000000 234359162 1
TFVhwJKeQFosQcxbzprz1DpbB9QgDSctsn 1624624046000000000000000 92851723 1
TX5eXdf8458bZ77fk8xdvUgiQmC3L93iv7 205000000 1 0
TXL6rJbvmjD46zeN1JssfgxvSo99qC8MRT 2459516636919399186432 2172758461 1
TCq8UbqojisXcYjhpbZ5tgu88jXMvptU16 190000000 241572972845405837620742 0
TCq8UbqojisXcYjhpbZ5tgu88jXMvptU16 209000000 270842913298632418576706 0
TCq8UbqojisXcYjhpbZ5tgu88jXMvptU16 228000000 295422168492358356091099 0
TXL6rJbvmjD46zeN1JssfgxvSo99qC8MRT 2459377579049556639744 2171861329 1
TLnVG3h2o5XHAbdP3MD578tMSBvUEskeST 160465734079918868582035 514777186 2
TLnVG3h2o5XHAbdP3MD578tMSBvUEskeST 82083036953900898845768 255876058 1
TLnVG3h2o5XHAbdP3MD578tMSBvUEskeST 78864094328257726342013 245850426 1
TXL6rJbvmjD46zeN1JssfgxvSo99qC8MRT 2459938150126509883392 2171334022 1
TXL6rJbvmjD46zeN1JssfgxvSo99qC8MRT 2463054187192117100544 2172155821 1
TR7NHqjeKQxGTCi8q8ZY4pL8otSzgjLj6t 29703300 4606000 0
TE2T2vLnEQT1XW647EAQAHWqd6NZL1hweR 62052766799999994000000 732800400 2
TR7NHqjeKQxGTCi8q8ZY4pL8otSzgjLj6t TSSMHYeV2uE9qYH95DqyoCuNCzEL1NvU3S 1800780865 0 0
TR7NHqjeKQxGTCi8q8ZY4pL8otSzgjLj6t TSSMHYeV2uE9qYH95DqyoCuNCzEL1NvU3S 1519176515 83780417527303857242112 0
TXL6rJbvmjD46zeN1JssfgxvSo99qC8MRT 2463054187192117100544 2171331636 1
TXL6rJbvmjD46zeN1JssfgxvSo99qC8MRT 2464788732394364469248 2171422623 1
TXL6rJbvmjD46zeN1JssfgxvSo99qC8MRT 2466525722339675996160 2171513934 1
TX5eXdf8458bZ77fk8xdvUgiQmC3L93iv7 9604000000000000000000 0 1
TF7ixydn7nfCgj9wQj3fRdKRAvsZ8egHcx 205182763 112696065666318380000000 0
TXL6rJbvmjD46zeN1JssfgxvSo99qC8MRT 2468156896606031970304 2171548561 1
TR7NHqjeKQxGTCi8q8ZY4pL8otSzgjLj6t TSSMHYeV2uE9qYH95DqyoCuNCzEL1NvU3S 1800243800 0 0
TSSMHYeV2uE9qYH95DqyoCuNCzEL1NvU3S 619991980 5457870000000000000000 0
TRJBN2ninnLKUUDR1f686goCYetPcPed8f 32418814365000000000000 2145290504 2
TSSMHYeV2uE9qYH95DqyoCuNCzEL1NvU3S 620091214 5457870000000000000000 0
TR7NHqjeKQxGTCi8q8ZY4pL8otSzgjLj6t TSSMHYeV2uE9qYH95DqyoCuNCzEL1NvU3S 1800698939 0 0
TSSMHYeV2uE9qYH95DqyoCuNCzEL1NvU3S 4211010422 37412433552735475859456 0
TJY1xdwaUK66rLkWsRX18Fuh6jc4sBn1BX 3000000 9897986073350315672407 0
TJ9mxWPmQSJswqMakEehFWcAntg73odiAq 1253283389326000000000000 2852319736 1
TJ9mxWPmQSJswqMakEehFWcAntg73odiAq 1253283389326000000000000 2840899036 1
TLnVG3h2o5XHAbdP3MD578tMSBvUEskeST 205350280890964043857027 659095619 2
TLnVG3h2o5XHAbdP3MD578tMSBvUEskeST 90625185962800251834983 282477771 1
TLnVG3h2o5XHAbdP3MD578tMSBvUEskeST 115341145770836684153615 359419261 1
TXL6rJbvmjD46zeN1JssfgxvSo99qC8MRT 708601600 792000000000000000000 0
TR7NHqjeKQxGTCi8q8ZY4pL8otSzgjLj6t 425000000 67962818 0
TSZu2myGg42ZEsT7RvvbVvhVS3kf9f1e57 6000000000000000000000000 231869904 1
TAwAg9wtQzTMFsijnSFotJrpxhMm3AqW1d 600000000000000000000 11424861 1
TXL6rJbvmjD46zeN1JssfgxvSo99qC8MRT 708748000 792000000000000000000 0
TXL6rJbvmjD46zeN1JssfgxvSo99qC8MRT 708748000 792000000000000000000 0
TXL6rJbvmjD46zeN1JssfgxvSo99qC8MRT 708893600 792000000000000000000 0
TX5eXdf8458bZ77fk8xdvUgiQmC3L93iv7 214000000 1 0
TCxDsTm4nHDwNmY5MUQ4GFmSsbUqHnee2W 1000000000 1195980835058505231249690 0
TCxDsTm4nHDwNmY5MUQ4GFmSsbUqHnee2W 355226505 428490051613104186533609 0
TSZu2myGg42ZEsT7RvvbVvhVS3kf9f1e57 2000000000000000000000000 76451098 1
TM3k1FoDYhn3Yadaeqb5aCyvWo7ZbHWjng 198977370919928252596224 591470910 1
TM3k1FoDYhn3Yadaeqb5aCyvWo7ZbHWjng 605176381 198338152097711015329792 0
TM3k1FoDYhn3Yadaeqb5aCyvWo7ZbHWjng 248230827463267082829824 737502966 1
TM3k1FoDYhn3Yadaeqb5aCyvWo7ZbHWjng 755076168 247590660711523498852352 0
TVXmroHbJsJ6rVm3wGn2G9723yz3Kbqp9x 309353737 36395372881757955108543 0
TRJBN2ninnLKUUDR1f686goCYetPcPed8f 33928833835000000000000 2251927992 2
TU3kjFuhtEo42tsCBtfYUAZxoqQ4yuSLQ5 20000000000000000000000 22712963080 1
TLnVG3h2o5XHAbdP3MD578tMSBvUEskeST 164530826321727915115105 527841896 2
TLnVG3h2o5XHAbdP3MD578tMSBvUEskeST 51157569828214860646739 159527014 1
TLnVG3h2o5XHAbdP3MD578tMSBvUEskeST 113866848972478238213711 354830927 1
TM3k1FoDYhn3Yadaeqb5aCyvWo7ZbHWjng 302472495193057220624384 898161382 1
TM3k1FoDYhn3Yadaeqb5aCyvWo7ZbHWjng 303758773 99887576316383749734400 0
TPeoxx1VhUMnAUyjwWfximDYFDQaxNQQ45 150000000 2808570471790211272946 0
TF7ixydn7nfCgj9wQj3fRdKRAvsZ8egHcx 170609385 93570498290553280000000 0
TDk91SWz2GvwfZwMTGX21d4ngUUH8YZZAv 97587904000000000000 2118507499 1
TBAbgFHHpuLERRcUFvjnojtBjkBr39NFB7 6666666 10714348134914285714285 0
TQWvsbfHEgSs8LMdew6sxJdJqFgVAiS59i 310000000 7134499458365883736687506 0
TCxDsTm4nHDwNmY5MUQ4GFmSsbUqHnee2W 426461415089684118000000 360000000 2
TCxDsTm4nHDwNmY5MUQ4GFmSsbUqHnee2W 355533401169960243301599 300000000 2
TCxDsTm4nHDwNmY5MUQ4GFmSsbUqHnee2W 2000000000 2330705457498959980169455 0
TCxDsTm4nHDwNmY5MUQ4GFmSsbUqHnee2W 426461415089684118000000 366000000 1
TCxDsTm4nHDwNmY5MUQ4GFmSsbUqHnee2W 426461415089684118000000 366000000 1
TCxDsTm4nHDwNmY5MUQ4GFmSsbUqHnee2W 426461415089684118000000 366000000 1
TCxDsTm4nHDwNmY5MUQ4GFmSsbUqHnee2W 355533401169960243301599 300000000 1
TCxDsTm4nHDwNmY5MUQ4GFmSsbUqHnee2W 426461415089684118000000 342000000 1
TR7NHqjeKQxGTCi8q8ZY4pL8otSzgjLj6t TSSMHYeV2uE9qYH95DqyoCuNCzEL1NvU3S 1800168486 0 0
TSSMHYeV2uE9qYH95DqyoCuNCzEL1NvU3S 3983364233 35353938672335248687104 0
TR7NHqjeKQxGTCi8q8ZY4pL8otSzgjLj6t 400000000 63964782 0
TXL6rJbvmjD46zeN1JssfgxvSo99qC8MRT 390000000000000000000 336736759 1
TRv9ipj4kKAZqQggQ7ceJpe5ERD1ZShpgs 100000000 111442700822501940036437 0
TCXTVfR7pFH8voLyqhbUGXdiYaBkTDmYCQ 491100 98045931897785214000 0
TRJBN2ninnLKUUDR1f686goCYetPcPed8f 36279323294000000000000 2185436036 1
TR7NHqjeKQxGTCi8q8ZY4pL8otSzgjLj6t 31000000000 190429588879 1
TLnVG3h2o5XHAbdP3MD578tMSBvUEskeST 66289977038861942035444 206680623 1
TLnVG3h2o5XHAbdP3MD578tMSBvUEskeST 99434965558292913053164 309907703 1
TLnVG3h2o5XHAbdP3MD578tMSBvUEskeST 165229254832656884435303 530086687 2
TCxDsTm4nHDwNmY5MUQ4GFmSsbUqHnee2W 2000000000 2267155311427304787692157 0
TCxDsTm4nHDwNmY5MUQ4GFmSsbUqHnee2W 414768487987753679000000 360000000 2
TCxDsTm4nHDwNmY5MUQ4GFmSsbUqHnee2W 414768487987753679000000 366000000 1
TCxDsTm4nHDwNmY5MUQ4GFmSsbUqHnee2W 345783212661427233197739 300000000 2
TCxDsTm4nHDwNmY5MUQ4GFmSsbUqHnee2W 414768487987753679000000 366000000 1
TCxDsTm4nHDwNmY5MUQ4GFmSsbUqHnee2W 414768487987753679000000 366000000 1
TCxDsTm4nHDwNmY5MUQ4GFmSsbUqHnee2W 345783212661427233197739 300000000 1
TCxDsTm4nHDwNmY5MUQ4GFmSsbUqHnee2W 414768487987753679000000 342000000 1
TAwAg9wtQzTMFsijnSFotJrpxhMm3AqW1d 10774293093000000000000 208262995 1
TF7ixydn7nfCgj9wQj3fRdKRAvsZ8egHcx 159000000000000000000000 268180736 1
TX5eXdf8458bZ77fk8xdvUgiQmC3L93iv7 9254000000000000000000 0 1
TF7ixydn7nfCgj9wQj3fRdKRAvsZ8egHcx 240369195 131900655592130930000000 0
TR7NHqjeKQxGTCi8q8ZY4pL8otSzgjLj6t 350000000 56059900 0
TPeoxx1VhUMnAUyjwWfximDYFDQaxNQQ45 50000000 936103417118377452285 0
TRnt51nxeveLCk1yKDeH9GQXhKNP982Csc 181260000 0 0
TLnVG3h2o5XHAbdP3MD578tMSBvUEskeST 243766296812570518196113 758536956 1
TLnVG3h2o5XHAbdP3MD578tMSBvUEskeST 156010429960045131645513 500459824 2
TLnVG3h2o5XHAbdP3MD578tMSBvUEskeST 87755866852525386550600 281295844 2
TR7NHqjeKQxGTCi8q8ZY4pL8otSzgjLj6t 200000000 1228798207 1
TR7NHqjeKQxGTCi8q8ZY4pL8otSzgjLj6t TN3W4H6rK2ce4vX9YnFQHwKENnHjoxb3m9 2000000000 2645900 0
TAzpJHxxgJd8f5AKjzndEndH3S9pzNUM5W 235517190000000000000000 1 1
TR7NHqjeKQxGTCi8q8ZY4pL8otSzgjLj6t TN3W4H6rK2ce4vX9YnFQHwKENnHjoxb3m9 2000000000 2636400 0
TRJBN2ninnLKUUDR1f686goCYetPcPed8f 27009344527000000000000 1792296657 2
TR7NHqjeKQxGTCi8q8ZY4pL8otSzgjLj6t 220000157 35237960 0
TR7NHqjeKQxGTCi8q8ZY4pL8otSzgjLj6t 1000000 98000 0
TGoMhQZ5yA1X2gQSCKeRHk6wY3fXce3yWA 483701000000000000000000 321689171 1
TF7ixydn7nfCgj9wQj3fRdKRAvsZ8egHcx 154165326 84467889274753790000000 0
TWG5VrJicAspqrNfii93AoqsJ7wnJRheex 13500000 2116419772131319723633 0
TXL6rJbvmjD46zeN1JssfgxvSo99qC8MRT 2466196589627957575680 2170093970 1
TR7NHqjeKQxGTCi8q8ZY4pL8otSzgjLj6t TN3W4H6rK2ce4vX9YnFQHwKENnHjoxb3m9 2000000000 2636000 0
TF7ixydn7nfCgj9wQj3fRdKRAvsZ8egHcx 159000000000000000000000 268429752 1
TGoMhQZ5yA1X2gQSCKeRHk6wY3fXce3yWA 303000000 439703099644704840000000 0
TR7NHqjeKQxGTCi8q8ZY4pL8otSzgjLj6t TN3W4H6rK2ce4vX9YnFQHwKENnHjoxb3m9 2000000000 2633700 0
TLnVG3h2o5XHAbdP3MD578tMSBvUEskeST 130275713847642672263357 417794027 2
TLnVG3h2o5XHAbdP3MD578tMSBvUEskeST 176048261956273881436968 548233477 1
TLnVG3h2o5XHAbdP3MD578tMSBvUEskeST 45772548108631209173611 146655175 2